10 0.412609375 0.4286574074074074 0.4389635416666666 0.4286574074074074 0.4389635416666666 0.5336574074074074 0.412609375 0.5336574074074074
10 0.25865104166666664 0.43389814814814814 0.2830572916666666 0.43389814814814814 0.2830572916666666 0.5108611111111111 0.25865104166666664 0.5108611111111111
9 0.611328125 0.609375 0.615234375 0.6059027777777778 0.615234375 0.5989583333333334 0.6083984375 0.59375 0.6015625 0.5746527777777778 0.599609375 0.546875 0.59765625 0.5434027777777778 0.59765625 0.5260416666666666 0.59375 0.5121527777777778 0.591796875 0.4288194444444444 0.5888671875 0.4236111111111111 0.5849609375 0.4236111111111111 0.580078125 0.4322916666666667 0.580078125 0.4461805555555556 0.572265625 0.4600694444444444 0.572265625 0.4704861111111111 0.5703125 0.4739583333333333 0.572265625 0.5364583333333334 0.5703125 0.5399305555555556 0.5703125 0.5572916666666666 0.56640625 0.5746527777777778 0.56640625 0.6059027777777778 0.5712890625 0.6111111111111112 0.576171875 0.6059027777777778 0.57421875 0.5954861111111112 0.576171875 0.5920138888888888 0.578125 0.5572916666666666 0.58203125 0.5434027777777778 0.5849609375 0.5416666666666666 0.595703125 0.5815972222222222 0.599609375 0.6059027777777778 0.6025390625 0.6111111111111112
9 0.640625 0.5815972222222222 0.64453125 0.578125 0.6474609375 0.5555555555555556 0.650390625 0.5572916666666666 0.650390625 0.5711805555555556 0.6533203125 0.5798611111111112 0.658203125 0.578125 0.658203125 0.5642361111111112 0.66015625 0.5607638888888888 0.66015625 0.5295138888888888 0.662109375 0.5260416666666666 0.662109375 0.5121527777777778 0.66015625 0.5086805555555556 0.662109375 0.5017361111111112 0.654296875 0.4878472222222222 0.65625 0.4774305555555556 0.66015625 0.4704861111111111 0.658203125 0.4600694444444444 0.66015625 0.4565972222222222 0.65625 0.4427083333333333 0.65625 0.4253472222222222 0.6533203125 0.4201388888888889 0.6494140625 0.4201388888888889 0.646484375 0.4253472222222222 0.646484375 0.4392361111111111 0.638671875 0.4565972222222222 0.640625 0.5434027777777778 0.638671875 0.546875 0.63671875 0.5711805555555556 0.630859375 0.578125 0.6357421875 0.5833333333333334
9 0.693359375 0.5711805555555556 0.689453125 0.5572916666666666 0.69140625 0.5538194444444444 0.69140625 0.5399305555555556 0.6953125 0.5364583333333334 0.6953125 0.4635416666666667 0.6875 0.453125 0.6875 0.4392361111111111 0.6826171875 0.4305555555555556 0.6787109375 0.4305555555555556 0.67578125 0.4357638888888889 0.67578125 0.4496527777777778 0.671875 0.4565972222222222 0.669921875 0.4670138888888889 0.669921875 0.5190972222222222 0.673828125 0.5364583333333334 0.673828125 0.5677083333333334 0.6767578125 0.5729166666666666 0.6826171875 0.5729166666666666 0.6845703125 0.5694444444444444 0.6884765625 0.5729166666666666
9 0.669921875 0.4774305555555556 0.671875 0.4322916666666667 0.6689453125 0.4270833333333333 0.6630859375 0.4270833333333333 0.658203125 0.4461805555555556 0.658203125 0.4600694444444444 0.6669921875 0.4791666666666667
9 0.669921875 0.5711805555555556 0.671875 0.5677083333333334 0.671875 0.5295138888888888 0.669921875 0.5260416666666666 0.669921875 0.5086805555555556 0.6669921875 0.5034722222222222 0.662109375 0.515625 0.66015625 0.5607638888888888 0.6630859375 0.5694444444444444 0.6669921875 0.5729166666666666
10 0.494140625 0.5399305555555556 0.49609375 0.5364583333333334 0.4921875 0.5225694444444444 0.494140625 0.4809027777777778 0.490234375 0.4704861111111111 0.48828125 0.453125 0.4853515625 0.4513888888888889 0.482421875 0.4635416666666667 0.4765625 0.4704861111111111 0.47265625 0.4878472222222222 0.47265625 0.5329861111111112 0.470703125 0.5399305555555556 0.4765625 0.5399305555555556 0.478515625 0.5225694444444444 0.4814453125 0.5173611111111112 0.4853515625 0.5173611111111112 0.48828125 0.5329861111111112 0.4931640625 0.5416666666666666
10 0.443359375 0.5329861111111112 0.4482421875 0.5243055555555556 0.451171875 0.5260416666666666 0.451171875 0.5190972222222222 0.4560546875 0.5069444444444444 0.4658203125 0.5034722222222222 0.46875 0.4982638888888889 0.470703125 0.4739583333333333 0.466796875 0.4670138888888889 0.4658203125 0.4548611111111111 0.4599609375 0.4548611111111111 0.455078125 0.4809027777777778 0.4462890625 0.4861111111111111 0.443359375 0.4913194444444444 0.443359375 0.515625 0.439453125 0.5295138888888888 0.4404296875 0.5347222222222222
9 0.40625 0.546875 0.404296875 0.5086805555555556 0.408203125 0.4913194444444444 0.408203125 0.4600694444444444 0.404296875 0.4427083333333333 0.404296875 0.4288194444444444 0.3974609375 0.4270833333333333 0.390625 0.4600694444444444 0.390625 0.4878472222222222 0.396484375 0.5052083333333334 0.396484375 0.5399305555555556 0.4033203125 0.5486111111111112
10 0.9453125 0.640625 0.94921875 0.6302083333333334 0.94921875 0.5989583333333334 0.9521484375 0.59375 0.9755859375 0.5902777777777778 0.98046875 0.5815972222222222 0.982421875 0.5642361111111112 0.990234375 0.5538194444444444 0.9921875 0.5434027777777778 0.9921875 0.5260416666666666 0.9853515625 0.5173611111111112 0.974609375 0.5121527777777778 0.974609375 0.4913194444444444 0.9716796875 0.4861111111111111 0.9638671875 0.4861111111111111 0.958984375 0.4947916666666667 0.958984375 0.5121527777777778 0.95703125 0.5190972222222222 0.9462890625 0.53125 0.9423828125 0.53125 0.939453125 0.5364583333333334 0.9375 0.5538194444444444 0.9345703125 0.5590277777777778 0.9189453125 0.5798611111111112 0.912109375 0.5815972222222222 0.912109375 0.5885416666666666 0.9189453125 0.5972222222222222 0.9228515625 0.5972222222222222 0.9287109375 0.5868055555555556 0.9345703125 0.5833333333333334 0.9375 0.5885416666666666 0.935546875 0.5920138888888888 0.9375 0.5989583333333334 0.9375 0.6267361111111112 0.93359375 0.6371527777777778 0.9365234375 0.6423611111111112
3 0.900390625 0.5572916666666666 0.908203125 0.546875 0.91015625 0.5364583333333334 0.9072265625 0.5277777777777778 0.890625 0.5121527777777778 0.890625 0.484375 0.884765625 0.4704861111111111 0.88671875 0.4600694444444444 0.8818359375 0.4548611111111111 0.873046875 0.4774305555555556 0.87109375 0.5086805555555556 0.8544921875 0.5381944444444444 0.8525390625 0.5381944444444444 0.8515625 0.5295138888888888 0.8486328125 0.5277777777777778 0.84765625 0.5434027777777778 0.8525390625 0.5520833333333334 0.8642578125 0.5520833333333334 0.8701171875 0.5451388888888888 0.8837890625 0.5416666666666666 0.884765625 0.546875 0.8916015625 0.5555555555555556