9 0.3984375 0.5399305555555556 0.39453125 0.5295138888888888 0.39453125 0.515625 0.392578125 0.5121527777777778 0.39453125 0.4496527777777778 0.390625 0.4288194444444444 0.3837890625 0.4270833333333333 0.3828125 0.4392361111111111 0.37890625 0.4461805555555556 0.37890625 0.4565972222222222 0.376953125 0.4600694444444444 0.37890625 0.5364583333333334 0.3818359375 0.5416666666666666 0.3857421875 0.5416666666666666 0.3876953125 0.5277777777777778 0.390625 0.5329861111111112 0.3916015625 0.5416666666666666
9 0.548828125 0.5954861111111112 0.55078125 0.5920138888888888 0.544921875 0.5850694444444444 0.544921875 0.5607638888888888 0.546875 0.5572916666666666 0.546875 0.4600694444444444 0.54296875 0.4392361111111111 0.544921875 0.4357638888888889 0.5400390625 0.4270833333333333 0.5361328125 0.4270833333333333 0.533203125 0.4322916666666667 0.533203125 0.4392361111111111 0.5234375 0.4600694444444444 0.5234375 0.4878472222222222 0.529296875 0.5086805555555556 0.53125 0.5434027777777778 0.517578125 0.5711805555555556 0.517578125 0.5850694444444444 0.5224609375 0.5868055555555556 0.5234375 0.578125 0.5302734375 0.5659722222222222 0.5341796875 0.5659722222222222 0.53515625 0.5920138888888888 0.5400390625 0.5972222222222222
9 0.408203125 0.5399305555555556 0.41015625 0.5364583333333334 0.4111328125 0.5034722222222222 0.4140625 0.5190972222222222 0.412109375 0.5329861111111112 0.4150390625 0.5381944444444444 0.41796875 0.5364583333333334 0.41796875 0.4878472222222222 0.421875 0.4774305555555556 0.421875 0.4600694444444444 0.419921875 0.4496527777777778 0.416015625 0.4427083333333333 0.41796875 0.4322916666666667 0.4150390625 0.4270833333333333 0.4111328125 0.4270833333333333 0.400390625 0.453125 0.400390625 0.4704861111111111 0.404296875 0.4809027777777778 0.404296875 0.5364583333333334 0.4072265625 0.5416666666666666
10 0.943359375 0.640625 0.947265625 0.6336805555555556 0.94921875 0.5954861111111112 0.9521484375 0.5902777777777778 0.9580078125 0.59375 0.9775390625 0.5902777777777778 0.982421875 0.5642361111111112 0.990234375 0.546875 0.9921875 0.5295138888888888 0.9873046875 0.5208333333333334 0.9833984375 0.5208333333333334 0.974609375 0.5121527777777778 0.974609375 0.4913194444444444 0.9697265625 0.4826388888888889 0.9638671875 0.4826388888888889 0.95703125 0.4947916666666667 0.94921875 0.5260416666666666 0.94921875 0.5364583333333334 0.9462890625 0.5416666666666666 0.9404296875 0.5347222222222222 0.9375 0.5503472222222222 0.9326171875 0.5590277777777778 0.9208984375 0.5763888888888888 0.91015625 0.5815972222222222 0.91015625 0.5850694444444444 0.9189453125 0.5972222222222222 0.9326171875 0.5833333333333334 0.935546875 0.5989583333333334 0.93359375 0.6371527777777778 0.9365234375 0.6423611111111112
9 0.669921875 0.4809027777777778 0.671875 0.4774305555555556 0.671875 0.4461805555555556 0.669921875 0.4427083333333333 0.669921875 0.4322916666666667 0.6669921875 0.4270833333333333 0.6630859375 0.4270833333333333 0.658203125 0.4427083333333333 0.658203125 0.4600694444444444 0.66015625 0.4670138888888889 0.6689453125 0.4826388888888889
9 0.671875 0.5677083333333334 0.671875 0.5052083333333334 0.6689453125 0.5034722222222222 0.666015625 0.5086805555555556 0.666015625 0.515625 0.662109375 0.5190972222222222 0.662109375 0.5295138888888888 0.66015625 0.5329861111111112 0.66015625 0.5642361111111112 0.6630859375 0.5694444444444444
9 0.640625 0.5815972222222222 0.64453125 0.5746527777777778 0.64453125 0.5572916666666666 0.6474609375 0.5520833333333334 0.650390625 0.578125 0.658203125 0.578125 0.658203125 0.5434027777777778 0.66015625 0.5399305555555556 0.662109375 0.5017361111111112 0.6591796875 0.5 0.65234375 0.484375 0.65234375 0.4774305555555556 0.6552734375 0.4722222222222222 0.66015625 0.4704861111111111 0.658203125 0.4496527777777778 0.654296875 0.4392361111111111 0.65625 0.4288194444444444 0.6533203125 0.4201388888888889 0.6494140625 0.4201388888888889 0.646484375 0.4253472222222222 0.64453125 0.4427083333333333 0.63671875 0.4635416666666667 0.63671875 0.4878472222222222 0.638671875 0.4913194444444444 0.638671875 0.5503472222222222 0.63671875 0.5538194444444444 0.63671875 0.5677083333333334 0.630859375 0.578125 0.6337890625 0.5833333333333334
9 0.2578125 0.515625 0.259765625 0.5086805555555556 0.2578125 0.484375 0.265625 0.4670138888888889 0.2578125 0.4392361111111111 0.2529296875 0.4305555555555556 0.25 0.4427083333333333 0.244140625 0.4496527777777778 0.2421875 0.4670138888888889 0.24609375 0.4739583333333333 0.24609375 0.5086805555555556 0.248046875 0.515625
9 0.33203125 0.4947916666666667 0.33203125 0.4809027777777778 0.3271484375 0.4756944444444444 0.32421875 0.4809027777777778 0.32421875 0.4947916666666667
9 0.34765625 0.5017361111111112 0.349609375 0.4774305555555556 0.3447265625 0.4652777777777778 0.3408203125 0.4652777777777778 0.33984375 0.4947916666666667 0.3427734375 0.5034722222222222
9 0.359375 0.5017361111111112 0.361328125 0.4357638888888889 0.3583984375 0.4305555555555556 0.3544921875 0.4305555555555556 0.3515625 0.4357638888888889 0.3515625 0.4461805555555556 0.349609375 0.4496527777777778 0.3515625 0.4600694444444444 0.349609375 0.4982638888888889 0.3525390625 0.5034722222222222
9 0.130859375 0.4913194444444444 0.1328125 0.4878472222222222 0.1328125 0.4774305555555556 0.130859375 0.4739583333333333 0.130859375 0.4392361111111111 0.12890625 0.4322916666666667 0.1240234375 0.4270833333333333 0.119140625 0.4427083333333333 0.119140625 0.4704861111111111 0.12109375 0.4739583333333333 0.12109375 0.4878472222222222 0.1240234375 0.4930555555555556
9 0.693359375 0.5711805555555556 0.689453125 0.5607638888888888 0.69140625 0.5399305555555556 0.6953125 0.5329861111111112 0.6953125 0.515625 0.693359375 0.5121527777777778 0.693359375 0.4635416666666667 0.6875 0.453125 0.6875 0.4357638888888889 0.6826171875 0.4270833333333333 0.6787109375 0.4270833333333333 0.67578125 0.4322916666666667 0.67578125 0.4496527777777778 0.671875 0.4600694444444444 0.673828125 0.5711805555555556
3 0.794921875 0.5503472222222222 0.80078125 0.5399305555555556 0.80078125 0.5295138888888888 0.78125 0.5086805555555556 0.779296875 0.4635416666666667 0.7744140625 0.4618055555555556 0.767578125 0.484375 0.767578125 0.4982638888888889 0.76953125 0.5017361111111112 0.765625 0.5086805555555556 0.765625 0.5364583333333334 0.7705078125 0.5416666666666666 0.7763671875 0.5347222222222222 0.7861328125 0.5520833333333334