10 0.2601015625 0.43744444444444447 0.28232552083333334 0.43744444444444447 0.28232552083333334 0.505 0.2601015625 0.505
10 0.41254427083333334 0.429125 0.44042447916666666 0.429125 0.44042447916666666 0.5338379629629629 0.41254427083333334 0.5338379629629629
9 0.61328125 0.6128472222222222 0.6201171875 0.6076388888888888 0.62109375 0.5989583333333334 0.6123046875 0.59375 0.607421875 0.5815972222222222 0.607421875 0.5711805555555556 0.6015625 0.5399305555555556 0.6015625 0.5225694444444444 0.599609375 0.5190972222222222 0.599609375 0.4878472222222222 0.6015625 0.484375 0.6015625 0.4774305555555556 0.59765625 0.4670138888888889 0.599609375 0.4357638888888889 0.5947265625 0.4236111111111111 0.5908203125 0.4236111111111111 0.5859375 0.4322916666666667 0.583984375 0.453125 0.578125 0.4600694444444444 0.576171875 0.4704861111111111 0.576171875 0.484375 0.57421875 0.4878472222222222 0.576171875 0.5364583333333334 0.568359375 0.5711805555555556 0.56640625 0.6024305555555556 0.5693359375 0.6076388888888888 0.576171875 0.6059027777777778 0.576171875 0.5920138888888888 0.578125 0.5885416666666666 0.58203125 0.5572916666666666 0.5888671875 0.5416666666666666 0.59375 0.5538194444444444 0.603515625 0.6059027777777778 0.6083984375 0.6145833333333334
9 0.640625 0.5815972222222222 0.64453125 0.578125 0.646484375 0.5607638888888888 0.6494140625 0.5555555555555556 0.65234375 0.578125 0.6572265625 0.5798611111111112 0.66015625 0.5746527777777778 0.66015625 0.5434027777777778 0.662109375 0.5399305555555556 0.6640625 0.5017361111111112 0.66796875 0.4913194444444444 0.66796875 0.4809027777777778 0.6650390625 0.4756944444444444 0.662109375 0.4774305555555556 0.6640625 0.484375 0.6591796875 0.4930555555555556 0.658203125 0.4913194444444444 0.658203125 0.4774305555555556 0.662109375 0.4739583333333333 0.662109375 0.4670138888888889 0.65625 0.4427083333333333 0.65625 0.4253472222222222 0.6533203125 0.4201388888888889 0.6484375 0.421875 0.646484375 0.4392361111111111 0.638671875 0.4600694444444444 0.638671875 0.4739583333333333 0.640625 0.4774305555555556 0.640625 0.5434027777777778 0.638671875 0.546875 0.63671875 0.5711805555555556 0.6337890625 0.5729166666666666 0.6328125 0.578125 0.6357421875 0.5833333333333334
9 0.9453125 0.640625 0.94921875 0.6336805555555556 0.94921875 0.6059027777777778 0.951171875 0.5954861111111112 0.9775390625 0.5902777777777778 0.982421875 0.5815972222222222 0.982421875 0.5642361111111112 0.990234375 0.5538194444444444 0.9921875 0.5434027777777778 0.9921875 0.5260416666666666 0.974609375 0.5086805555555556 0.974609375 0.4913194444444444 0.9716796875 0.4861111111111111 0.9638671875 0.4861111111111111 0.958984375 0.4947916666666667 0.958984375 0.5190972222222222 0.9560546875 0.5243055555555556 0.9501953125 0.5243055555555556 0.9443359375 0.53125 0.939453125 0.5434027777777778 0.939453125 0.5503472222222222 0.9345703125 0.5590277777777778 0.912109375 0.5850694444444444 0.912109375 0.5885416666666666 0.9189453125 0.5972222222222222 0.9228515625 0.5972222222222222 0.9345703125 0.5833333333333334 0.9375 0.5885416666666666 0.9375 0.6302083333333334 0.935546875 0.640625
9 0.669921875 0.4739583333333333 0.671875 0.4322916666666667 0.6689453125 0.4270833333333333 0.6630859375 0.4270833333333333 0.658203125 0.4565972222222222 0.6669921875 0.4756944444444444
9 0.671875 0.5677083333333334 0.671875 0.5329861111111112 0.669921875 0.5295138888888888 0.669921875 0.515625 0.6669921875 0.5104166666666666 0.662109375 0.5225694444444444 0.662109375 0.5677083333333334
9 0.693359375 0.5711805555555556 0.69140625 0.5677083333333334 0.69140625 0.5399305555555556 0.6953125 0.5329861111111112 0.6953125 0.4982638888888889 0.693359375 0.4947916666666667 0.6953125 0.4670138888888889 0.6875 0.4496527777777778 0.6875 0.4357638888888889 0.6826171875 0.4270833333333333 0.6787109375 0.4270833333333333 0.67578125 0.4322916666666667 0.67578125 0.4496527777777778 0.669921875 0.4670138888888889 0.669921875 0.5190972222222222 0.673828125 0.5329861111111112 0.673828125 0.5677083333333334 0.6767578125 0.5729166666666666 0.6826171875 0.5694444444444444 0.6845703125 0.5729166666666666
9 0.40625 0.546875 0.40625 0.5260416666666666 0.404296875 0.5225694444444444 0.40625 0.5190972222222222 0.40625 0.5017361111111112 0.408203125 0.4982638888888889 0.408203125 0.453125 0.404296875 0.4427083333333333 0.404296875 0.4322916666666667 0.3974609375 0.4305555555555556 0.392578125 0.4496527777777778 0.392578125 0.4739583333333333 0.3984375 0.4982638888888889 0.3984375 0.5399305555555556 0.4033203125 0.5486111111111112
9 0.123046875 0.4878472222222222 0.12109375 0.4774305555555556 0.123046875 0.4427083333333333 0.12109375 0.4392361111111111 0.12109375 0.4288194444444444 0.1162109375 0.4236111111111111 0.11328125 0.4288194444444444 0.11328125 0.484375 0.1162109375 0.4895833333333333
9 0.361328125 0.5017361111111112 0.36328125 0.453125 0.361328125 0.4496527777777778 0.361328125 0.4322916666666667 0.3564453125 0.4270833333333333 0.353515625 0.4322916666666667 0.353515625 0.4427083333333333 0.3515625 0.4461805555555556 0.3515625 0.5017361111111112
9 0.326171875 0.5121527777777778 0.330078125 0.4947916666666667 0.330078125 0.4809027777777778 0.3271484375 0.4722222222222222 0.3232421875 0.4722222222222222 0.318359375 0.484375 0.318359375 0.4947916666666667 0.322265625 0.5086805555555556 0.3251953125 0.5138888888888888
9 0.349609375 0.5017361111111112 0.349609375 0.4739583333333333 0.3427734375 0.4652777777777778 0.33984375 0.4774305555555556 0.341796875 0.484375 0.341796875 0.5017361111111112
3 0.880859375 0.5434027777777778 0.890625 0.5364583333333334 0.892578125 0.5295138888888888 0.892578125 0.4982638888888889 0.8955078125 0.4930555555555556 0.900390625 0.4913194444444444 0.8984375 0.4809027777777778 0.89453125 0.4774305555555556 0.8935546875 0.4548611111111111 0.8896484375 0.4548611111111111 0.8828125 0.4704861111111111 0.87890625 0.4878472222222222 0.87890625 0.515625 0.873046875 0.5260416666666666 0.875 0.5434027777777778
0 0.91015625 0.5572916666666666 0.91796875 0.546875 0.91796875 0.5364583333333334 0.9111328125 0.5243055555555556 0.8994140625 0.5138888888888888 0.8974609375 0.5069444444444444 0.892578125 0.5121527777777778 0.8984375 0.5190972222222222 0.8857421875 0.5347222222222222 0.8798828125 0.5347222222222222 0.8779296875 0.5208333333333334 0.8701171875 0.5208333333333334 0.8662109375 0.5243055555555556 0.859375 0.5399305555555556 0.859375 0.5503472222222222 0.8623046875 0.5555555555555556 0.8720703125 0.5555555555555556 0.8759765625 0.5486111111111112 0.8935546875 0.5416666666666666 0.9013671875 0.5555555555555556 0.9052734375 0.5590277777777778