9 0.94140625 0.640625 0.9443359375 0.6388888888888888 0.947265625 0.6302083333333334 0.94921875 0.5954861111111112 0.9521484375 0.5902777777777778 0.9580078125 0.59375 0.9755859375 0.5902777777777778 0.978515625 0.5815972222222222 0.978515625 0.5607638888888888 0.9873046875 0.5555555555555556 0.990234375 0.546875 0.990234375 0.5364583333333334 0.9921875 0.5329861111111112 0.990234375 0.5260416666666666 0.9873046875 0.5208333333333334 0.974609375 0.515625 0.97265625 0.5052083333333334 0.974609375 0.5017361111111112 0.974609375 0.4913194444444444 0.9697265625 0.4826388888888889 0.9638671875 0.4826388888888889 0.95703125 0.4947916666666667 0.95703125 0.5052083333333334 0.951171875 0.5260416666666666 0.951171875 0.5364583333333334 0.9482421875 0.5416666666666666 0.9423828125 0.5416666666666666 0.9228515625 0.5729166666666666 0.9169921875 0.5798611111111112 0.91015625 0.5815972222222222 0.91015625 0.5850694444444444 0.9189453125 0.5972222222222222 0.9306640625 0.5833333333333334 0.93359375 0.5850694444444444 0.93359375 0.5954861111111112 0.935546875 0.5989583333333334 0.93359375 0.6371527777777778 0.9365234375 0.6423611111111112
9 0.53515625 0.5086805555555556 0.541015625 0.4982638888888889 0.5400390625 0.4826388888888889 0.5341796875 0.4861111111111111 0.53125 0.4947916666666667 0.533203125 0.5086805555555556
9 0.548828125 0.5954861111111112 0.548828125 0.5885416666666666 0.544921875 0.5815972222222222 0.544921875 0.5017361111111112 0.54296875 0.4982638888888889 0.54296875 0.4670138888888889 0.541015625 0.4635416666666667 0.54296875 0.4357638888888889 0.5380859375 0.4270833333333333 0.5341796875 0.4270833333333333 0.53125 0.4322916666666667 0.53125 0.4427083333333333 0.5234375 0.4565972222222222 0.521484375 0.4670138888888889 0.521484375 0.484375 0.52734375 0.5086805555555556 0.529296875 0.5399305555555556 0.52734375 0.546875 0.515625 0.5642361111111112 0.515625 0.5746527777777778 0.5205078125 0.5763888888888888 0.5341796875 0.5590277777777778 0.53515625 0.5885416666666666 0.5400390625 0.5972222222222222
9 0.2578125 0.515625 0.2578125 0.4809027777777778 0.259765625 0.4739583333333333 0.265625 0.4670138888888889 0.2529296875 0.4270833333333333 0.25 0.4322916666666667 0.25 0.4427083333333333 0.2470703125 0.4444444444444444 0.2421875 0.4565972222222222 0.2421875 0.4670138888888889 0.24609375 0.4774305555555556 0.24609375 0.5121527777777778 0.2490234375 0.5173611111111112
9 0.39453125 0.5399305555555556 0.39453125 0.5225694444444444 0.392578125 0.5190972222222222 0.392578125 0.4704861111111111 0.39453125 0.4670138888888889 0.39453125 0.453125 0.388671875 0.4392361111111111 0.388671875 0.4322916666666667 0.3837890625 0.4270833333333333 0.3828125 0.4392361111111111 0.376953125 0.453125 0.37890625 0.5295138888888888 0.3818359375 0.5416666666666666 0.3837890625 0.5416666666666666 0.3876953125 0.53125 0.3935546875 0.5416666666666666
9 0.41015625 0.5364583333333334 0.416015625 0.5329861111111112 0.416015625 0.5190972222222222 0.41796875 0.515625 0.416015625 0.4809027777777778 0.421875 0.4739583333333333 0.419921875 0.4496527777777778 0.4140625 0.4392361111111111 0.4111328125 0.4270833333333333 0.408203125 0.4322916666666667 0.408203125 0.4392361111111111 0.3984375 0.453125 0.3984375 0.4635416666666667 0.404296875 0.4774305555555556 0.404296875 0.5329861111111112 0.4072265625 0.5381944444444444
9 0.580078125 0.5607638888888888 0.580078125 0.5399305555555556 0.5830078125 0.53125 0.6044921875 0.5243055555555556 0.609375 0.5121527777777778 0.609375 0.4982638888888889 0.603515625 0.484375 0.603515625 0.4774305555555556 0.5966796875 0.4652777777777778 0.59375 0.4704861111111111 0.59375 0.4878472222222222 0.58984375 0.4947916666666667 0.58984375 0.5017361111111112 0.5869140625 0.5069444444444444 0.5771484375 0.5104166666666666 0.572265625 0.5225694444444444 0.57421875 0.5329861111111112 0.57421875 0.5572916666666666 0.572265625 0.5607638888888888
9 0.4921875 0.5364583333333334 0.490234375 0.4947916666666667 0.494140625 0.4878472222222222 0.494140625 0.4774305555555556 0.48828125 0.4670138888888889 0.48828125 0.4600694444444444 0.4833984375 0.4583333333333333 0.4765625 0.4739583333333333 0.474609375 0.484375 0.47265625 0.5329861111111112 0.4736328125 0.5347222222222222 0.4765625 0.5295138888888888 0.4765625 0.5190972222222222 0.4833984375 0.5104166666666666 0.48828125 0.5260416666666666 0.48828125 0.5329861111111112 0.4912109375 0.5381944444444444
9 0.4453125 0.5086805555555556 0.4482421875 0.5034722222222222 0.4501953125 0.5069444444444444 0.45703125 0.5017361111111112 0.451171875 0.4982638888888889 0.4541015625 0.4930555555555556 0.458984375 0.4913194444444444 0.4580078125 0.4791666666666667 0.4462890625 0.4861111111111111 0.443359375 0.4913194444444444 0.44140625 0.5052083333333334 0.4443359375 0.5104166666666666
9 0.330078125 0.5086805555555556 0.330078125 0.4878472222222222 0.328125 0.484375 0.3271484375 0.46875 0.32421875 0.4774305555555556 0.32421875 0.5086805555555556
9 0.34765625 0.5017361111111112 0.34765625 0.4739583333333333 0.3408203125 0.4652777777777778 0.33984375 0.4913194444444444 0.3427734375 0.5034722222222222
9 0.359375 0.5017361111111112 0.357421875 0.4878472222222222 0.361328125 0.4739583333333333 0.361328125 0.4357638888888889 0.3583984375 0.4305555555555556 0.3525390625 0.4305555555555556 0.3515625 0.4496527777777778 0.349609375 0.453125 0.3515625 0.4600694444444444 0.3515625 0.5017361111111112
9 0.689453125 0.5711805555555556 0.69140625 0.5677083333333334 0.6875 0.5572916666666666 0.689453125 0.5538194444444444 0.689453125 0.5434027777777778 0.6953125 0.5329861111111112 0.6953125 0.515625 0.69140625 0.4947916666666667 0.69140625 0.4670138888888889 0.685546875 0.453125 0.685546875 0.4392361111111111 0.6826171875 0.4340277777777778 0.6787109375 0.4340277777777778 0.677734375 0.4461805555555556 0.671875 0.4565972222222222 0.669921875 0.4704861111111111 0.6669921875 0.4756944444444444 0.6572265625 0.4618055555555556 0.65234375 0.4774305555555556 0.65234375 0.484375 0.6611328125 0.5 0.6669921875 0.5 0.669921875 0.5052083333333334 0.671875 0.5329861111111112 0.673828125 0.5364583333333334 0.673828125 0.5711805555555556
9 0.658203125 0.578125 0.658203125 0.5434027777777778 0.66015625 0.5399305555555556 0.66015625 0.5225694444444444 0.6640625 0.5052083333333334 0.6591796875 0.5 0.650390625 0.4809027777777778 0.658203125 0.4600694444444444 0.658203125 0.4496527777777778 0.654296875 0.4392361111111111 0.65625 0.4253472222222222 0.6533203125 0.4201388888888889 0.6494140625 0.4201388888888889 0.646484375 0.4253472222222222 0.646484375 0.4392361111111111 0.638671875 0.453125 0.63671875 0.4635416666666667 0.638671875 0.5503472222222222 0.63671875 0.5538194444444444 0.63671875 0.5711805555555556 0.634765625 0.5746527777777778 0.6376953125 0.5798611111111112 0.642578125 0.578125 0.64453125 0.5572916666666666 0.6474609375 0.5486111111111112 0.650390625 0.5572916666666666 0.650390625 0.5746527777777778 0.6533203125 0.5798611111111112
9 0.865234375 0.546875 0.8671875 0.5434027777777778 0.8671875 0.5260416666666666 0.869140625 0.5225694444444444 0.869140625 0.5121527777777778 0.8671875 0.5086805555555556 0.8671875 0.4565972222222222 0.859375 0.4288194444444444 0.859375 0.4114583333333333 0.8525390625 0.4097222222222222 0.849609375 0.4149305555555556 0.849609375 0.4565972222222222 0.84765625 0.4600694444444444 0.849609375 0.4704861111111111 0.849609375 0.5434027777777778 0.8525390625 0.5486111111111112
3 0.7890625 0.5503472222222222 0.794921875 0.5434027777777778 0.794921875 0.5295138888888888 0.78125 0.5121527777777778 0.779296875 0.4913194444444444 0.7734375 0.4739583333333333 0.77734375 0.4635416666666667 0.77734375 0.453125 0.7724609375 0.4513888888888889 0.765625 0.4670138888888889 0.765625 0.484375 0.763671875 0.4878472222222222 0.765625 0.4947916666666667 0.765625 0.5190972222222222 0.763671875 0.5295138888888888 0.7666015625 0.5381944444444444 0.7724609375 0.5347222222222222 0.775390625 0.5434027777777778 0.7822265625 0.5520833333333334
9 0.130859375 0.4913194444444444 0.1328125 0.4878472222222222 0.1328125 0.4774305555555556 0.130859375 0.4739583333333333 0.1328125 0.4461805555555556 0.1259765625 0.4270833333333333 0.119140625 0.4461805555555556 0.119140625 0.4704861111111111 0.12109375 0.4739583333333333 0.12109375 0.4913194444444444
9 0.443359375 0.5329861111111112 0.451171875 0.515625 0.4521484375 0.5069444444444444 0.4677734375 0.5034722222222222 0.470703125 0.4982638888888889 0.470703125 0.4878472222222222 0.47265625 0.484375 0.4638671875 0.4548611111111111 0.4599609375 0.4548611111111111 0.45703125 0.4600694444444444 0.45703125 0.4739583333333333 0.4501953125 0.4861111111111111 0.4462890625 0.4861111111111111 0.44140625 0.4982638888888889 0.44140625 0.5225694444444444 0.4375 0.5329861111111112
9 0.54296875 0.5920138888888888 0.544921875 0.5850694444444444 0.54296875 0.4600694444444444 0.541015625 0.4565972222222222 0.541015625 0.4322916666666667 0.5341796875 0.4305555555555556 0.533203125 0.4392361111111111 0.521484375 0.4635416666666667 0.521484375 0.4913194444444444 0.52734375 0.5052083333333334 0.52734375 0.5434027777777778 0.515625 0.5642361111111112 0.515625 0.5746527777777778 0.5205078125 0.5763888888888888 0.5341796875 0.5590277777777778 0.53515625 0.5885416666666666 0.5380859375 0.59375