2 0.8125 0.8193359375 0.8515625 0.8095703125 0.86328125 0.7783203125 0.859375 0.7392578125 0.83984375 0.7119140625 0.833984375 0.6865234375 0.81640625 0.6611328125 0.7880859375 0.6328125 0.7666015625 0.623046875 0.7470703125 0.630859375 0.7265625 0.6611328125 0.72265625 0.7197265625 0.7265625 0.7314453125 0.7451171875 0.73828125 0.783203125 0.7822265625 0.794921875 0.8154296875
2 0.580078125 0.2294921875 0.5947265625 0.228515625 0.599609375 0.2197265625 0.5947265625 0.171875 0.5771484375 0.171875 0.568359375 0.1845703125 0.564453125 0.2255859375
2 0.646484375 0.2216796875 0.6484375 0.1748046875 0.6279296875 0.171875 0.62109375 0.1787109375 0.6171875 0.2197265625
2 0.658203125 0.1845703125 0.6640625 0.1611328125 0.66015625 0.1240234375 0.6474609375 0.12109375 0.634765625 0.1318359375 0.630859375 0.1611328125 0.6455078125 0.166015625
2 0.611328125 0.1865234375 0.619140625 0.1689453125 0.619140625 0.1376953125 0.6064453125 0.125 0.587890625 0.1376953125 0.583984375 0.1650390625
2 0.625 0.1337890625 0.6328125 0.1220703125 0.6328125 0.1044921875 0.6279296875 0.091796875 0.6181640625 0.091796875 0.609375 0.1005859375 0.607421875 0.1240234375
2 0.66015625 0.1181640625 0.66796875 0.1025390625 0.6552734375 0.09765625 0.6484375 0.1162109375 0.6552734375 0.11328125 0.654296875 0.1181640625
2 0.6484375 0.0712890625 0.650390625 0.0556640625 0.6357421875 0.0546875 0.62890625 0.0693359375
13 0.0703125 0.5341796875 0.080078125 0.5146484375 0.076171875 0.4755859375 0.0654296875 0.46875 0.064453125 0.5185546875
2 0.81640625 0.1220703125 0.82421875 0.1162109375 0.826171875 0.0908203125 0.8134765625 0.078125 0.8037109375 0.080078125 0.798828125 0.0908203125 0.798828125 0.1162109375
3 0.4375 0.3544921875 0.447265625 0.3193359375 0.44140625 0.3037109375 0.4326171875 0.30078125 0.423828125 0.3427734375 0.4287109375 0.353515625