2 0.326171875 0.7392578125 0.341796875 0.7314453125 0.35546875 0.7001953125 0.392578125 0.6494140625 0.396484375 0.5791015625 0.3857421875 0.56640625 0.3642578125 0.55859375 0.3330078125 0.564453125 0.310546875 0.5888671875 0.2890625 0.6240234375 0.26953125 0.6904296875 0.2763671875 0.728515625 0.2978515625 0.73828125
6 0.0078125 0.8095703125 0.0634765625 0.763671875 0.0849609375 0.76171875 0.10546875 0.7158203125 0.09375 0.6357421875 0.087890625 0.6220703125 0.0615234375 0.599609375 0.0302734375 0.615234375 0 0.6416015625 0 0.8095703125
2 0.546875 0.5634765625 0.552734375 0.5556640625 0.55859375 0.5107421875 0.55859375 0.4462890625 0.5458984375 0.42578125 0.5224609375 0.423828125 0.51171875 0.4384765625 0.505859375 0.4716796875 0.49609375 0.4814453125 0.5 0.4970703125 0.494140625 0.5498046875 0.4990234375 0.556640625 0.5244140625 0.552734375
6 0.46484375 0.4443359375 0.47265625 0.3837890625 0.46875 0.3056640625 0.4404296875 0.30078125 0.43359375 0.3037109375 0.4296875 0.3193359375 0.421875 0.4345703125 0.4267578125 0.44140625
2 0.4140625 0.3583984375 0.419921875 0.3525390625 0.4140625 0.2744140625 0.3896484375 0.267578125 0.380859375 0.2802734375 0.373046875 0.3486328125 0.3857421875 0.357421875
2 0.3828125 0.2353515625 0.38671875 0.2099609375 0.380859375 0.1806640625 0.3681640625 0.16796875 0.3544921875 0.169921875 0.34765625 0.1806640625 0.349609375 0.2275390625 0.3544921875 0.234375
2 0.42578125 0.2216796875 0.431640625 0.2158203125 0.431640625 0.1904296875 0.423828125 0.1572265625 0.4150390625 0.146484375 0.3974609375 0.146484375 0.388671875 0.1689453125 0.390625 0.2021484375 0.4013671875 0.21875
2 0.359375 0.1650390625 0.359375 0.1201171875 0.3505859375 0.107421875 0.3369140625 0.107421875 0.33203125 0.1572265625 0.3369140625 0.1640625
2 0.380859375 0.1162109375 0.380859375 0.0771484375 0.3642578125 0.072265625 0.35546875 0.0830078125 0.353515625 0.1083984375 0.3623046875 0.1171875
2 0.32421875 0.1083984375 0.3291015625 0.095703125 0.3349609375 0.107421875 0.33984375 0.1044921875 0.3349609375 0.072265625 0.3291015625 0.0859375 0.3251953125 0.076171875 0.314453125 0.0849609375 0.314453125 0.1025390625
2 0.31640625 0.0810546875 0.326171875 0.0712890625 0.326171875 0.0439453125 0.3193359375 0.041015625 0.30859375 0.0478515625 0.306640625 0.0673828125 0.306640625 0.0771484375
2 0.1875 0.1279296875 0.201171875 0.1181640625 0.203125 0.0927734375 0.1962890625 0.08203125 0.1845703125 0.08203125 0.177734375 0.0927734375 0.17578125 0.1181640625
13 0.93359375 0.6103515625 0.94140625 0.5634765625 0.94140625 0.4716796875 0.9345703125 0.4609375 0.923828125 0.4775390625 0.919921875 0.5166015625 0.92578125 0.5361328125 0.921875 0.5966796875