3 0.439453125 0.3505859375 0.4453125 0.3193359375 0.44140625 0.3056640625 0.4326171875 0.302734375 0.423828125 0.3408203125 0.4287109375 0.349609375
2 0.8125 0.8193359375 0.853515625 0.8037109375 0.86328125 0.7783203125 0.859375 0.7392578125 0.83984375 0.7119140625 0.8359375 0.6904296875 0.81640625 0.6611328125 0.7880859375 0.6328125 0.7646484375 0.623046875 0.7470703125 0.630859375 0.7265625 0.6611328125 0.72265625 0.7216796875 0.7265625 0.7314453125 0.7431640625 0.736328125 0.783203125 0.7822265625 0.794921875 0.8154296875
2 0.578125 0.2314453125 0.5927734375 0.23046875 0.6015625 0.2177734375 0.59765625 0.1748046875 0.5810546875 0.166015625 0.568359375 0.1826171875 0.564453125 0.2060546875 0.56640625 0.2294921875
2 0.6484375 0.2255859375 0.6484375 0.1708984375 0.6357421875 0.166015625 0.62109375 0.1787109375 0.615234375 0.2158203125 0.6220703125 0.2265625
2 0.658203125 0.1845703125 0.6640625 0.1630859375 0.66015625 0.1240234375 0.6435546875 0.12109375 0.6328125 0.1376953125 0.630859375 0.1630859375 0.6474609375 0.166015625
2 0.61328125 0.1865234375 0.619140625 0.1708984375 0.619140625 0.1376953125 0.6064453125 0.125 0.591796875 0.1318359375 0.583984375 0.1650390625 0.595703125 0.1708984375 0.6044921875 0.1875
2 0.623046875 0.1337890625 0.62890625 0.1318359375 0.6328125 0.1142578125 0.6279296875 0.091796875 0.6123046875 0.095703125 0.607421875 0.1103515625 0.607421875 0.1240234375
2 0.6484375 0.0966796875 0.65234375 0.0615234375 0.6494140625 0.0546875 0.6357421875 0.0546875 0.62890625 0.0673828125 0.62890625 0.0888671875 0.6376953125 0.09765625
2 0.6640625 0.1142578125 0.66796875 0.1005859375 0.6533203125 0.09765625 0.6484375 0.1123046875
2 0.6640625 0.0966796875 0.671875 0.0927734375 0.6689453125 0.0546875 0.654296875 0.0947265625
2 0.685546875 0.0751953125 0.69140625 0.0712890625 0.69140625 0.0380859375 0.6767578125 0.033203125 0.673828125 0.0712890625
13 0.0703125 0.5361328125 0.080078125 0.5224609375 0.078125 0.4931640625 0.07421875 0.4716796875 0.0634765625 0.46484375 0.064453125 0.5224609375