2 0.380859375 0.2373046875 0.380859375 0.1787109375 0.3740234375 0.169921875 0.3564453125 0.169921875 0.345703125 0.1865234375 0.34765625 0.2314453125 0.3525390625 0.236328125
2 0.439453125 0.2373046875 0.443359375 0.2119140625 0.43359375 0.1767578125 0.4150390625 0.169921875 0.404296875 0.1806640625 0.40625 0.2314453125 0.4111328125 0.236328125
2 0.400390625 0.1943359375 0.404296875 0.1806640625 0.41796875 0.1689453125 0.4091796875 0.138671875 0.3955078125 0.138671875 0.384765625 0.1552734375 0.38671875 0.1884765625 0.3916015625 0.1953125
2 0.34375 0.1884765625 0.3564453125 0.169921875 0.369140625 0.1650390625 0.369140625 0.1513671875 0.3603515625 0.140625 0.33984375 0.1435546875 0.337890625 0.1806640625
2 0.353515625 0.1259765625 0.35546875 0.1103515625 0.3349609375 0.10546875 0.333984375 0.1240234375
2 0.3828125 0.1552734375 0.400390625 0.1357421875 0.3896484375 0.10546875 0.3759765625 0.107421875 0.369140625 0.1240234375 0.37109375 0.1494140625 0.3759765625 0.15625
2 0.380859375 0.1025390625 0.3828125 0.0927734375 0.3759765625 0.083984375 0.359375 0.0908203125 0.3603515625 0.103515625
2 0.341796875 0.1005859375 0.33984375 0.0791015625 0.3330078125 0.076171875 0.33203125 0.1005859375
2 0.3203125 0.1044921875 0.328125 0.0986328125 0.3251953125 0.076171875 0.310546875 0.0810546875 0.3125 0.1005859375
2 0.357421875 0.0986328125 0.373046875 0.0810546875 0.3642578125 0.05859375 0.34765625 0.0732421875 0.349609375 0.0966796875
9 0.3671875 0.3115234375 0.373046875 0.2470703125 0.3623046875 0.23828125 0.353515625 0.2548828125 0.353515625 0.3017578125 0.3603515625 0.3125
2 0.228515625 0.3095703125 0.25390625 0.2783203125 0.25390625 0.2451171875 0.2353515625 0.232421875 0.2138671875 0.23046875 0.1953125 0.2587890625 0.19140625 0.2919921875 0.1982421875 0.310546875
2 0.197265625 0.1220703125 0.203125 0.0927734375 0.1962890625 0.080078125 0.1845703125 0.080078125 0.17578125 0.0888671875 0.17578125 0.1181640625
4 0.162109375 0.5693359375 0.1767578125 0.55078125 0.201171875 0.5458984375 0.20703125 0.5205078125 0.208984375 0.4794921875 0.1875 0.3935546875 0.1513671875 0.392578125 0.1376953125 0.4296875 0.1279296875 0.322265625 0.0009765625 0.326171875 0 0.5634765625 0.0380859375 0.568359375 0.0576171875 0.53125 0.0791015625 0.53125 0.1005859375 0.533203125 0.1064453125 0.546875 0.1181640625 0.546875 0.1279296875 0.53515625 0.142578125 0.5654296875
3 0.4609375 0.9501953125 0.47265625 0.9345703125 0.48046875 0.8564453125 0.48046875 0.8271484375 0.4697265625 0.7890625 0.462890625 0.7900390625 0.44921875 0.8232421875 0.455078125 0.8583984375 0.451171875 0.9482421875
3 0.509765625 0.9287109375 0.51953125 0.9208984375 0.5234375 0.8759765625 0.5234375 0.8466796875 0.5107421875 0.818359375 0.486328125 0.8583984375 0.4921875 0.9091796875 0.5 0.9248046875
13 0.93359375 0.5341796875 0.9365234375 0.462890625 0.923828125 0.4755859375 0.919921875 0.5146484375 0.923828125 0.5322265625