13 0.08984375 0.7900390625 0.095703125 0.7861328125 0.095703125 0.7587890625 0.076171875 0.6181640625 0.080078125 0.5185546875 0.07421875 0.5107421875 0.076171875 0.4794921875 0.0654296875 0.458984375 0.056640625 0.4736328125 0.056640625 0.5595703125 0.06640625 0.6123046875 0.072265625 0.7080078125 0.078125 0.7216796875 0.076171875 0.7783203125 0.0810546875 0.7890625
2 0.650390625 0.8583984375 0.6669921875 0.85546875 0.6875 0.8408203125 0.68359375 0.7724609375 0.640625 0.6455078125 0.6181640625 0.62890625 0.5986328125 0.62890625 0.5830078125 0.634765625 0.5703125 0.6513671875 0.572265625 0.7353515625 0.6015625 0.7978515625 0.611328125 0.8505859375 0.6259765625 0.859375
2 0.94921875 0.8857421875 0.96875 0.8720703125 0.974609375 0.8583984375 0.9765625 0.8291015625 0.96875 0.7958984375 0.92578125 0.7119140625 0.8857421875 0.673828125 0.8623046875 0.669921875 0.84765625 0.6806640625 0.828125 0.7197265625 0.82421875 0.7861328125 0.8310546875 0.794921875 0.8427734375 0.794921875 0.900390625 0.8544921875 0.9111328125 0.8828125
2 0.783203125 0.6611328125 0.8125 0.6494140625 0.814453125 0.6220703125 0.80859375 0.5986328125 0.783203125 0.5478515625 0.755859375 0.5107421875 0.7373046875 0.5 0.7158203125 0.501953125 0.6953125 0.5244140625 0.69140625 0.5380859375 0.6953125 0.5908203125 0.720703125 0.6083984375 0.7490234375 0.65625
13 0.5078125 0.4384765625 0.5146484375 0.43359375 0.5361328125 0.4375 0.54296875 0.4306640625 0.5361328125 0.30078125 0.5126953125 0.30078125 0.501953125 0.3076171875 0.49609375 0.4306640625 0.4990234375 0.4375
2 0.603515625 0.3857421875 0.63671875 0.3798828125 0.62890625 0.2958984375 0.6181640625 0.283203125 0.595703125 0.2880859375 0.58984375 0.3173828125 0.591796875 0.3798828125
2 0.55078125 0.2861328125 0.560546875 0.2822265625 0.56640625 0.2666015625 0.56640625 0.2275390625 0.5595703125 0.2109375 0.5400390625 0.2109375 0.52734375 0.2353515625 0.5234375 0.2822265625 0.5263671875 0.287109375
2 0.61328125 0.2626953125 0.6357421875 0.26171875 0.64453125 0.2509765625 0.646484375 0.2001953125 0.6416015625 0.19140625 0.6220703125 0.19140625 0.61328125 0.2021484375 0.60546875 0.2392578125 0.607421875 0.2587890625
2 0.609375 0.1943359375 0.6171875 0.1767578125 0.615234375 0.1474609375 0.6103515625 0.13671875 0.5986328125 0.13671875 0.5859375 0.1533203125 0.583984375 0.1943359375
2 0.666015625 0.1435546875 0.671875 0.1103515625 0.6650390625 0.09765625 0.6572265625 0.09765625 0.650390625 0.1044921875 0.6484375 0.1416015625
2 0.6328125 0.1259765625 0.638671875 0.1220703125 0.63671875 0.0888671875 0.6318359375 0.08203125 0.6220703125 0.08203125 0.611328125 0.1025390625 0.611328125 0.1240234375
2 0.65625 0.0888671875 0.658203125 0.0576171875 0.6474609375 0.048828125 0.63671875 0.0556640625 0.6328125 0.0771484375 0.6396484375 0.08984375 0.65625 0.0888671875