8 0.33203125 0.4482421875 0.3359375 0.4267578125 0.326171875 0.4169921875 0.32421875 0.4033203125 0.3037109375 0.39453125 0.2958984375 0.376953125 0.2900390625 0.388671875 0.279296875 0.3916015625 0.279296875 0.4423828125 0.2958984375 0.44921875 0.3154296875 0.439453125 0.3232421875 0.44921875
8 0.16796875 0.5107421875 0.17578125 0.5009765625 0.17578125 0.4873046875 0.158203125 0.4638671875 0.15625 0.4521484375 0.1396484375 0.4453125 0.1298828125 0.427734375 0.126953125 0.4619140625 0.115234375 0.4697265625 0.115234375 0.5029296875 0.1279296875 0.51171875 0.1513671875 0.5
8 0.095703125 0.5634765625 0.103515625 0.5478515625 0.1015625 0.5322265625 0.087890625 0.5205078125 0.072265625 0.4794921875 0.0517578125 0.474609375 0.046875 0.5068359375 0.0390625 0.5185546875 0.041015625 0.5537109375 0.0478515625 0.5625 0.0576171875 0.5625 0.0791015625 0.552734375 0.0869140625 0.564453125
8 0.09375 0.5634765625 0.099609375 0.5595703125 0.103515625 0.5380859375 0.087890625 0.5185546875 0.080078125 0.4892578125 0.099609375 0.4775390625 0.1015625 0.4560546875 0.087890625 0.4443359375 0.08203125 0.4208984375 0.0693359375 0.416015625 0.0615234375 0.404296875 0.056640625 0.4169921875 0.0458984375 0.41796875 0.0390625 0.4267578125 0.048828125 0.4716796875 0.041015625 0.4892578125 0.046875 0.5068359375 0.037109375 0.5224609375 0.0390625 0.5478515625 0.0478515625 0.5625 0.0673828125 0.560546875 0.0791015625 0.552734375 0.0869140625 0.564453125
3 0.630859375 0.6826171875 0.638671875 0.6630859375 0.646484375 0.5927734375 0.6396484375 0.54296875 0.6328125 0.5478515625 0.623046875 0.5849609375 0.623046875 0.6435546875 0.615234375 0.6708984375 0.6201171875 0.68359375
1 0.96875 0.9990234375 0.970703125 0.9716796875 0.9833984375 0.96875 0.9873046875 0.955078125 1 0.9541015625 1 0.7236328125 0.7451171875 0.75390625 0.71875 0.8916015625 0.712890625 0.9775390625 0.716796875 0.9990234375
13 0.9140625 0.7314453125 0.921875 0.7275390625 0.927734375 0.7060546875 0.9453125 0.5361328125 0.943359375 0.4697265625 0.9345703125 0.45703125 0.923828125 0.4736328125 0.919921875 0.5146484375 0.92578125 0.5400390625 0.923828125 0.6279296875
2 0.484375 0.2490234375 0.490234375 0.2255859375 0.482421875 0.1923828125 0.4677734375 0.181640625 0.4580078125 0.181640625 0.44921875 0.2021484375 0.44921875 0.2353515625 0.4580078125 0.25
2 0.431640625 0.2568359375 0.4375 0.2197265625 0.42578125 0.1845703125 0.4072265625 0.181640625 0.400390625 0.1943359375 0.396484375 0.2373046875 0.4052734375 0.25390625
2 0.376953125 0.2490234375 0.37890625 0.2060546875 0.3701171875 0.189453125 0.3505859375 0.185546875 0.341796875 0.2021484375 0.34375 0.2392578125 0.3505859375 0.25
2 0.345703125 0.1845703125 0.361328125 0.1748046875 0.361328125 0.1572265625 0.35546875 0.1337890625 0.3388671875 0.12890625 0.33203125 0.1435546875 0.33203125 0.1728515625 0.3388671875 0.185546875
2 0.396484375 0.2021484375 0.4052734375 0.181640625 0.42578125 0.1787109375 0.419921875 0.1455078125 0.4072265625 0.1328125 0.388671875 0.1396484375 0.384765625 0.1630859375 0.384765625 0.1923828125
2 0.384765625 0.1611328125 0.396484375 0.1240234375 0.3916015625 0.115234375 0.3759765625 0.11328125 0.369140625 0.1220703125 0.3671875 0.1533203125 0.3740234375 0.162109375
2 0.365234375 0.1279296875 0.380859375 0.1083984375 0.37890625 0.0927734375 0.3681640625 0.078125 0.349609375 0.0908203125 0.35546875 0.1240234375
2 0.349609375 0.0791015625 0.365234375 0.0634765625 0.3583984375 0.04296875 0.3486328125 0.04296875 0.341796875 0.0517578125 0.33984375 0.0771484375
2 0.337890625 0.1142578125 0.3349609375 0.08984375 0.33203125 0.1123046875
2 0.32421875 0.1162109375 0.328125 0.0908203125 0.326171875 0.0732421875 0.3212890625 0.072265625 0.310546875 0.1083984375
2 0.33984375 0.0556640625 0.349609375 0.0419921875 0.349609375 0.0263671875 0.3330078125 0.015625 0.328125 0.0224609375 0.330078125 0.0537109375