2 0.501953125 0.6728515625 0.51171875 0.6533203125 0.51171875 0.6259765625 0.50390625 0.6005859375 0.5078125 0.5771484375 0.49609375 0.5673828125 0.48046875 0.5126953125 0.4541015625 0.5078125 0.439453125 0.5166015625 0.4296875 0.5537109375 0.4296875 0.5947265625 0.443359375 0.6630859375 0.4501953125 0.673828125
2 0.580078125 0.5732421875 0.580078125 0.4912109375 0.55859375 0.4384765625 0.5517578125 0.43359375 0.5302734375 0.435546875 0.51953125 0.4462890625 0.515625 0.4716796875 0.517578125 0.5244140625 0.52734375 0.5654296875 0.5322265625 0.572265625
2 0.716796875 0.6416015625 0.73828125 0.6337890625 0.740234375 0.5908203125 0.73046875 0.5634765625 0.732421875 0.5498046875 0.705078125 0.4990234375 0.6904296875 0.484375 0.6708984375 0.484375 0.65625 0.4931640625 0.6484375 0.5126953125 0.6484375 0.5732421875 0.673828125 0.6083984375 0.677734375 0.6318359375 0.6884765625 0.640625
2 0.6328125 0.8193359375 0.6611328125 0.8125 0.66796875 0.7998046875 0.66796875 0.7568359375 0.65625 0.7119140625 0.66015625 0.6962890625 0.650390625 0.6904296875 0.6240234375 0.626953125 0.6103515625 0.6171875 0.5810546875 0.619140625 0.56640625 0.6279296875 0.56640625 0.7177734375 0.57421875 0.7255859375 0.59765625 0.8115234375 0.6181640625 0.8203125
2 0.5703125 0.2373046875 0.5927734375 0.234375 0.59765625 0.2275390625 0.5947265625 0.16796875 0.5771484375 0.16796875 0.568359375 0.1806640625 0.5625 0.2333984375
2 0.6171875 0.2470703125 0.6279296875 0.23046875 0.6416015625 0.2421875 0.6484375 0.2294921875 0.6484375 0.1982421875 0.6396484375 0.177734375 0.6220703125 0.177734375 0.611328125 0.2021484375 0.609375 0.2412109375
2 0.5703125 0.2373046875 0.5927734375 0.234375 0.6015625 0.2177734375 0.5947265625 0.169921875 0.5771484375 0.16796875 0.568359375 0.1826171875 0.5625 0.2333984375
2 0.61328125 0.1572265625 0.6318359375 0.15625 0.642578125 0.1435546875 0.64453125 0.1240234375 0.6357421875 0.10546875 0.611328125 0.1142578125 0.603515625 0.1474609375 0.60546875 0.1572265625
2 0.66796875 0.1162109375 0.669921875 0.0908203125 0.6748046875 0.115234375 0.68359375 0.0986328125 0.6748046875 0.07421875 0.6708984375 0.087890625 0.669921875 0.0771484375 0.6630859375 0.07421875 0.65625 0.0908203125 0.658203125 0.1162109375
8 0.630859375 0.2978515625 0.638671875 0.2861328125 0.640625 0.2431640625 0.6279296875 0.224609375 0.62109375 0.2431640625 0.62109375 0.2861328125
13 0.08984375 0.7919921875 0.095703125 0.7861328125 0.095703125 0.7431640625 0.076171875 0.6279296875 0.07421875 0.5380859375 0.080078125 0.5146484375 0.076171875 0.4775390625 0.0634765625 0.462890625 0.0537109375 0.46484375 0.05078125 0.4755859375 0.0703125 0.6884765625 0.078125 0.7236328125 0.076171875 0.7841796875
2 0.822265625 0.1201171875 0.822265625 0.0869140625 0.8056640625 0.080078125 0.796875 0.0947265625 0.798828125 0.1162109375 0.8017578125 0.12109375