2 0.33203125 0.9990234375 0.3359375 0.8955078125 0.330078125 0.8681640625 0.3056640625 0.83203125 0.2685546875 0.82421875 0.25390625 0.8388671875 0.22265625 0.9111328125 0.1953125 0.9990234375
2 0.32421875 0.5810546875 0.330078125 0.5732421875 0.33203125 0.5419921875 0.2978515625 0.533203125 0.283203125 0.5712890625 0.2978515625 0.580078125
2 0.4765625 0.5244140625 0.486328125 0.5126953125 0.490234375 0.4931640625 0.490234375 0.4345703125 0.4775390625 0.412109375 0.4541015625 0.41015625 0.447265625 0.4150390625 0.43359375 0.4560546875 0.4296875 0.5146484375 0.4404296875 0.5234375
2 0.28515625 0.6591796875 0.2958984375 0.650390625 0.3271484375 0.64453125 0.349609375 0.5927734375 0.361328125 0.5927734375 0.36328125 0.5439453125 0.3466796875 0.50390625 0.3134765625 0.50390625 0.28125 0.5576171875 0.267578125 0.6240234375 0.271484375 0.6552734375
2 0.404296875 0.4013671875 0.41015625 0.3818359375 0.412109375 0.3212890625 0.3994140625 0.30078125 0.3974609375 0.306640625 0.3818359375 0.3046875 0.373046875 0.3154296875 0.365234375 0.3857421875 0.3701171875 0.40234375
2 0.4609375 0.3271484375 0.4609375 0.2607421875 0.4501953125 0.240234375 0.4326171875 0.240234375 0.421875 0.2763671875 0.42578125 0.3076171875 0.4345703125 0.322265625 0.4462890625 0.3203125 0.4521484375 0.30859375 0.453125 0.3232421875
2 0.53515625 0.3662109375 0.55859375 0.3603515625 0.560546875 0.3291015625 0.537109375 0.2802734375 0.5166015625 0.275390625 0.498046875 0.2900390625 0.50390625 0.3271484375 0.517578125 0.3564453125
2 0.392578125 0.2607421875 0.39453125 0.2275390625 0.38671875 0.1845703125 0.3779296875 0.177734375 0.3583984375 0.177734375 0.349609375 0.2021484375 0.3515625 0.2470703125 0.3564453125 0.255859375
2 0.42578125 0.2412109375 0.435546875 0.2314453125 0.427734375 0.1826171875 0.4228515625 0.17578125 0.4052734375 0.173828125 0.39453125 0.1865234375 0.3984375 0.2294921875 0.4052734375 0.2421875
2 0.455078125 0.2255859375 0.486328125 0.2197265625 0.4765625 0.1689453125 0.4677734375 0.16015625 0.4521484375 0.16015625 0.443359375 0.1708984375 0.4453125 0.2236328125
2 0.396484375 0.1767578125 0.40625 0.1689453125 0.40234375 0.1318359375 0.3837890625 0.126953125 0.375 0.1337890625 0.375 0.1669921875 0.3857421875 0.177734375
8 0.328125 0.7880859375 0.35546875 0.7451171875 0.359375 0.7080078125 0.35546875 0.6728515625 0.3369140625 0.642578125 0.326171875 0.6494140625 0.31640625 0.6923828125 0.322265625 0.7216796875 0.318359375 0.7822265625
9 0.72265625 0.9482421875 0.72265625 0.9326171875 0.73828125 0.9267578125 0.7421875 0.8876953125 0.748046875 0.8837890625 0.7373046875 0.8359375 0.73046875 0.8388671875 0.72265625 0.8662109375 0.72265625 0.9169921875 0.716796875 0.9208984375 0.716796875 0.9462890625
13 0.93359375 0.5341796875 0.939453125 0.4697265625 0.9306640625 0.46484375 0.923828125 0.4755859375 0.92578125 0.5107421875 0.919921875 0.5224609375