13 0.93359375 0.5341796875 0.9365234375 0.46875 0.923828125 0.4775390625 0.92578125 0.5107421875 0.919921875 0.5166015625 0.92578125 0.5322265625
2 0.43359375 0.4345703125 0.447265625 0.3486328125 0.4384765625 0.33203125 0.4150390625 0.330078125 0.39453125 0.3818359375 0.390625 0.4267578125 0.3955078125 0.435546875
2 0.53515625 0.4326171875 0.537109375 0.3662109375 0.53125 0.3291015625 0.5224609375 0.3203125 0.5029296875 0.3203125 0.49609375 0.3291015625 0.486328125 0.3798828125 0.486328125 0.4306640625
2 0.400390625 0.2939453125 0.404296875 0.2548828125 0.3984375 0.2197265625 0.3896484375 0.2109375 0.3701171875 0.2109375 0.361328125 0.2548828125 0.365234375 0.2861328125 0.3916015625 0.287109375
2 0.458984375 0.2998046875 0.462890625 0.2646484375 0.455078125 0.2294921875 0.4501953125 0.224609375 0.4287109375 0.224609375 0.42578125 0.2900390625 0.4287109375 0.294921875 0.4443359375 0.291015625
2 0.36328125 0.2138671875 0.376953125 0.2021484375 0.375 0.1787109375 0.3662109375 0.16015625 0.3486328125 0.158203125 0.341796875 0.1728515625 0.33984375 0.2080078125 0.3447265625 0.21484375
2 0.41796875 0.1962890625 0.421875 0.1767578125 0.416015625 0.1494140625 0.4091796875 0.138671875 0.3955078125 0.13671875 0.384765625 0.1533203125 0.38671875 0.1904296875 0.3955078125 0.197265625
2 0.3828125 0.1474609375 0.39453125 0.1318359375 0.390625 0.1103515625 0.3837890625 0.099609375 0.3701171875 0.099609375 0.3671875 0.1396484375 0.3720703125 0.146484375
2 0.341796875 0.1591796875 0.3564453125 0.15625 0.359375 0.1494140625 0.3505859375 0.11328125 0.33203125 0.1181640625 0.33203125 0.1533203125
8 0.146484375 0.7041015625 0.1533203125 0.673828125 0.1787109375 0.67578125 0.185546875 0.6708984375 0.185546875 0.6142578125 0.1591796875 0.57421875 0.154296875 0.5751953125 0.154296875 0.5927734375 0.140625 0.6142578125 0.140625 0.6533203125 0.1328125 0.6728515625 0.1328125 0.6982421875
3 0.314453125 0.5654296875 0.318359375 0.5400390625 0.3125 0.4912109375 0.318359375 0.4365234375 0.302734375 0.4208984375 0.3046875 0.3896484375 0.2880859375 0.375 0.2734375 0.4072265625 0.2734375 0.4853515625 0.287109375 0.5029296875 0.2890625 0.5224609375 0.296875 0.5263671875 0.298828125 0.5498046875 0.3046875 0.5458984375 0.3037109375 0.537109375
9 0.71484375 0.9990234375 0.732421875 0.9267578125 0.732421875 0.9013671875 0.7255859375 0.884765625 0.716796875 0.8896484375 0.708984375 0.9091796875
9 0.751953125 0.9931640625 0.751953125 0.9697265625 0.765625 0.9267578125 0.763671875 0.8759765625 0.7568359375 0.8671875 0.73828125 0.8994140625 0.744140625 0.9599609375 0.736328125 0.9912109375
9 0.705078125 0.9990234375 0.705078125 0.9248046875 0.6943359375 0.916015625 0.685546875 0.9326171875 0.681640625 0.9990234375
2 0.19921875 0.1201171875 0.201171875 0.0888671875 0.1962890625 0.080078125 0.1845703125 0.080078125 0.17578125 0.0927734375 0.17578125 0.1162109375