2 0.814453125 0.8173828125 0.8291015625 0.81640625 0.853515625 0.8037109375 0.86328125 0.7763671875 0.859375 0.7373046875 0.81640625 0.6611328125 0.7822265625 0.62890625 0.7626953125 0.623046875 0.7490234375 0.62890625 0.7265625 0.6591796875 0.72265625 0.7216796875 0.7265625 0.7314453125 0.7431640625 0.736328125 0.783203125 0.7822265625 0.794921875 0.8134765625
2 0.57421875 0.2314453125 0.5966796875 0.2265625 0.603515625 0.2099609375 0.6015625 0.1826171875 0.5888671875 0.166015625 0.5791015625 0.166015625 0.568359375 0.1826171875 0.564453125 0.2275390625
2 0.6484375 0.2236328125 0.6484375 0.1728515625 0.6357421875 0.16796875 0.62109375 0.1787109375 0.6171875 0.2216796875
2 0.61328125 0.1865234375 0.619140625 0.1708984375 0.619140625 0.1376953125 0.6064453125 0.125 0.591796875 0.1318359375 0.583984375 0.1650390625 0.5927734375 0.16796875 0.6064453125 0.1875
2 0.66015625 0.1845703125 0.662109375 0.1298828125 0.6572265625 0.12109375 0.6435546875 0.12109375 0.6328125 0.1376953125 0.630859375 0.1630859375 0.6474609375 0.166015625 0.650390625 0.1787109375
2 0.626953125 0.1357421875 0.6328125 0.1279296875 0.6328125 0.1005859375 0.6279296875 0.091796875 0.6181640625 0.091796875 0.609375 0.1005859375 0.607421875 0.1240234375
2 0.662109375 0.1181640625 0.66796875 0.1005859375 0.6533203125 0.09765625 0.6484375 0.1162109375
2 0.6484375 0.0966796875 0.650390625 0.0556640625 0.6357421875 0.0546875 0.62890625 0.0673828125 0.62890625 0.0888671875 0.6376953125 0.09765625
2 0.6796875 0.1123046875 0.685546875 0.0986328125 0.68359375 0.0810546875 0.6748046875 0.080078125 0.671875 0.0966796875
13 0.0703125 0.5361328125 0.080078125 0.5224609375 0.078125 0.4931640625 0.076171875 0.4755859375 0.0634765625 0.46484375 0.064453125 0.5224609375
3 0.4375 0.3466796875 0.443359375 0.3154296875 0.4326171875 0.310546875 0.423828125 0.3408203125 0.4287109375 0.34765625