2 0.66015625 0.7607421875 0.671875 0.7568359375 0.67578125 0.7392578125 0.666015625 0.6494140625 0.6240234375 0.576171875 0.5830078125 0.578125 0.5703125 0.5869140625 0.568359375 0.5966796875 0.5703125 0.6689453125 0.58984375 0.7001953125 0.599609375 0.7490234375 0.6083984375 0.759765625
2 0.841796875 0.6982421875 0.849609375 0.6806640625 0.849609375 0.6416015625 0.83203125 0.6123046875 0.828125 0.5927734375 0.80859375 0.5615234375 0.7744140625 0.52734375 0.7451171875 0.529296875 0.720703125 0.5634765625 0.724609375 0.6259765625 0.7412109375 0.630859375 0.775390625 0.6669921875 0.7880859375 0.697265625
8 0.650390625 0.6083984375 0.654296875 0.5322265625 0.64453125 0.4912109375 0.6376953125 0.486328125 0.62109375 0.5126953125 0.62109375 0.5595703125 0.625 0.5751953125
3 0.353515625 0.6357421875 0.35546875 0.5263671875 0.3447265625 0.5078125 0.33203125 0.5380859375 0.333984375 0.6083984375 0.33984375 0.6298828125
9 0.0546875 0.8134765625 0.06640625 0.8037109375 0.06640625 0.7685546875 0.05859375 0.7216796875 0.0478515625 0.7109375 0.037109375 0.7333984375 0.037109375 0.7509765625 0.048828125 0.7724609375 0.048828125 0.8134765625
2 0.611328125 0.4384765625 0.62890625 0.4365234375 0.62890625 0.3759765625 0.619140625 0.3388671875 0.6103515625 0.33203125 0.5966796875 0.33203125 0.5859375 0.3427734375 0.58203125 0.3662109375 0.58203125 0.4365234375
2 0.53515625 0.3681640625 0.552734375 0.3623046875 0.55859375 0.3349609375 0.556640625 0.2900390625 0.5458984375 0.275390625 0.5234375 0.2802734375 0.505859375 0.3505859375 0.5107421875 0.3671875
2 0.556640625 0.2744140625 0.5791015625 0.271484375 0.587890625 0.2529296875 0.5859375 0.2060546875 0.5791015625 0.201171875 0.5634765625 0.201171875 0.5546875 0.2158203125 0.546875 0.2607421875 0.548828125 0.2724609375
2 0.6328125 0.2802734375 0.64453125 0.2529296875 0.64453125 0.2158203125 0.6357421875 0.193359375 0.6201171875 0.193359375 0.607421875 0.2119140625 0.603515625 0.2607421875 0.6083984375 0.27734375
2 0.634765625 0.2783203125 0.64453125 0.2529296875 0.642578125 0.2001953125 0.6455078125 0.197265625 0.6513671875 0.205078125 0.66015625 0.1845703125 0.658203125 0.1591796875 0.6513671875 0.1484375 0.6328125 0.1513671875 0.62890625 0.1884765625 0.611328125 0.2001953125 0.60546875 0.2197265625 0.60546875 0.2724609375 0.6181640625 0.279296875
2 0.61328125 0.4384765625 0.6279296875 0.4375 0.630859375 0.4306640625 0.62890625 0.3701171875 0.62109375 0.3388671875 0.6005859375 0.330078125 0.5908203125 0.333984375 0.583984375 0.3466796875 0.58203125 0.4345703125 0.5869140625 0.439453125
9 0.689453125 0.2666015625 0.6953125 0.2255859375 0.6865234375 0.20703125 0.681640625 0.2119140625 0.681640625 0.2412109375
2 0.611328125 0.1806640625 0.619140625 0.1689453125 0.6171875 0.1298828125 0.6005859375 0.125 0.58984375 0.1416015625 0.5859375 0.1767578125 0.5888671875 0.181640625
13 0.0703125 0.5361328125 0.080078125 0.5224609375 0.078125 0.4931640625 0.076171875 0.4755859375 0.0634765625 0.462890625 0.064453125 0.5244140625