8 0.275390625 0.9990234375 0.2890625 0.9892578125 0.294921875 0.9716796875 0.310546875 0.9560546875 0.310546875 0.8974609375 0.279296875 0.8466796875 0.2705078125 0.841796875 0.263671875 0.8505859375 0.265625 0.8779296875 0.24609375 0.8896484375 0.2421875 0.9443359375 0.228515625 0.9658203125 0.2265625 0.9990234375
2 0.009765625 0.9404296875 0.03125 0.9248046875 0.0390625 0.9052734375 0.0810546875 0.8671875 0.130859375 0.8369140625 0.13671875 0.7900390625 0.12890625 0.7666015625 0.1171875 0.7392578125 0.0869140625 0.71484375 0.0263671875 0.75390625 0 0.7900390625 0 0.9404296875
2 0.404296875 0.6962890625 0.4296875 0.6904296875 0.43359375 0.6494140625 0.458984375 0.6025390625 0.4609375 0.5439453125 0.44921875 0.5166015625 0.4384765625 0.509765625 0.4130859375 0.5078125 0.40234375 0.5166015625 0.373046875 0.5751953125 0.359375 0.6220703125 0.359375 0.6865234375 0.3701171875 0.693359375
2 0.33203125 0.5478515625 0.34765625 0.5419921875 0.349609375 0.5244140625 0.37890625 0.4775390625 0.37890625 0.4384765625 0.3681640625 0.423828125 0.3291015625 0.423828125 0.30859375 0.4541015625 0.29296875 0.4970703125 0.29296875 0.5419921875
2 0.48828125 0.4150390625 0.48828125 0.3916015625 0.4833984375 0.38671875 0.455078125 0.3876953125 0.4521484375 0.4140625
2 0.3984375 0.3662109375 0.41015625 0.3486328125 0.404296875 0.2783203125 0.3994140625 0.271484375 0.3798828125 0.271484375 0.37109375 0.2880859375 0.3671875 0.3525390625 0.3720703125 0.365234375
2 0.48046875 0.3271484375 0.482421875 0.2958984375 0.47265625 0.2568359375 0.4677734375 0.251953125 0.4365234375 0.25390625 0.43359375 0.2744140625 0.443359375 0.3232421875 0.4501953125 0.328125
2 0.431640625 0.2509765625 0.44140625 0.2392578125 0.435546875 0.2021484375 0.4267578125 0.1875 0.4130859375 0.185546875 0.40234375 0.1962890625 0.404296875 0.2392578125 0.4111328125 0.25
2 0.37109375 0.2080078125 0.37109375 0.1591796875 0.3642578125 0.150390625 0.3525390625 0.1484375 0.34765625 0.1513671875 0.34375 0.1943359375 0.3466796875 0.201171875
13 0.93359375 0.5341796875 0.939453125 0.4736328125 0.9345703125 0.46484375 0.923828125 0.4775390625 0.92578125 0.5107421875 0.919921875 0.5185546875
2 0.193359375 0.1181640625 0.201171875 0.1083984375 0.19921875 0.0869140625 0.1865234375 0.08203125 0.181640625 0.0869140625 0.181640625 0.1103515625
2 1 0.1396484375 1 0.0009765625 0.9658203125 0 0.9609375 0.1201171875