2 0.43359375 0.2568359375 0.4375 0.2197265625 0.431640625 0.1982421875 0.4228515625 0.1796875 0.4072265625 0.181640625 0.3984375 0.2060546875 0.3984375 0.2451171875 0.4091796875 0.2578125
2 0.376953125 0.2490234375 0.37890625 0.2041015625 0.3701171875 0.1875 0.3525390625 0.181640625 0.34375 0.1962890625 0.34375 0.2412109375 0.3486328125 0.25
2 0.466796875 0.2490234375 0.48828125 0.2431640625 0.48828125 0.2119140625 0.482421875 0.1904296875 0.4599609375 0.1796875 0.451171875 0.1904296875 0.447265625 0.2294921875 0.453125 0.2431640625
2 0.345703125 0.1845703125 0.361328125 0.1748046875 0.361328125 0.1572265625 0.35546875 0.1337890625 0.3369140625 0.130859375 0.33203125 0.1396484375 0.33203125 0.1767578125 0.3388671875 0.185546875
2 0.3984375 0.1962890625 0.4033203125 0.18359375 0.42578125 0.1787109375 0.419921875 0.1455078125 0.4052734375 0.1328125 0.390625 0.1376953125 0.384765625 0.1650390625 0.384765625 0.1884765625
2 0.3828125 0.1630859375 0.396484375 0.1240234375 0.3896484375 0.11328125 0.3740234375 0.11328125 0.3671875 0.1552734375 0.3720703125 0.162109375
2 0.3671875 0.1279296875 0.380859375 0.1103515625 0.37890625 0.0908203125 0.3720703125 0.083984375 0.357421875 0.0888671875 0.353515625 0.1181640625 0.3603515625 0.12890625
2 0.35546875 0.1025390625 0.359375 0.0869140625 0.373046875 0.0830078125 0.3681640625 0.064453125 0.3515625 0.0712890625 0.34765625 0.0966796875
8 0.095703125 0.5634765625 0.103515625 0.5458984375 0.099609375 0.5283203125 0.08984375 0.5224609375 0.07421875 0.4814453125 0.0517578125 0.4765625 0.037109375 0.5205078125 0.04296875 0.5595703125 0.0517578125 0.564453125 0.0810546875 0.548828125 0.0859375 0.5615234375
8 0.169921875 0.5126953125 0.17578125 0.5029296875 0.173828125 0.4814453125 0.15234375 0.4482421875 0.138671875 0.4423828125 0.1318359375 0.42578125 0.126953125 0.4599609375 0.11328125 0.4677734375 0.115234375 0.5029296875 0.1220703125 0.513671875 0.1455078125 0.513671875 0.1513671875 0.505859375 0.1591796875 0.513671875
8 0.056640625 0.5654296875 0.0771484375 0.55078125 0.0869140625 0.564453125 0.0947265625 0.564453125 0.103515625 0.5478515625 0.1015625 0.5302734375 0.08984375 0.5205078125 0.080078125 0.4931640625 0.0849609375 0.484375 0.099609375 0.4794921875 0.1015625 0.4560546875 0.087890625 0.4443359375 0.08203125 0.4208984375 0.0634765625 0.404296875 0.0556640625 0.41796875 0.0390625 0.4228515625 0.0390625 0.4345703125 0.046875 0.4443359375 0.048828125 0.4775390625 0.029296875 0.4951171875 0.0322265625 0.5 0.0400390625 0.49609375 0.044921875 0.5029296875 0.03515625 0.5283203125 0.0390625 0.5498046875 0.0478515625 0.56640625
8 0.3125 0.4580078125 0.333984375 0.4501953125 0.337890625 0.4306640625 0.3212890625 0.400390625 0.3076171875 0.392578125 0.2939453125 0.396484375 0.2822265625 0.388671875 0.27734375 0.4052734375 0.283203125 0.4501953125 0.279296875 0.4560546875
3 0.6328125 0.6826171875 0.646484375 0.5966796875 0.6396484375 0.541015625 0.6328125 0.5458984375 0.623046875 0.5830078125 0.623046875 0.6455078125 0.61328125 0.6728515625 0.6201171875 0.68359375
13 0.93359375 0.6103515625 0.943359375 0.5419921875 0.9375 0.5185546875 0.943359375 0.4736328125 0.9345703125 0.458984375 0.923828125 0.4755859375 0.919921875 0.5166015625 0.92578125 0.5380859375 0.921875 0.5966796875
1 0.966796875 0.9990234375 0.9736328125 0.9765625 0.9814453125 0.978515625 0.9912109375 0.970703125 0.9921875 0.9814453125 1 0.9833984375 1 0.7255859375 0.9345703125 0.728515625 0.7451171875 0.75390625 0.71875 0.8857421875 0.708984375 0.9990234375