2 0.169921875 0.7373046875 0.1962890625 0.73046875 0.216796875 0.6904296875 0.2509765625 0.65234375 0.26953125 0.6435546875 0.275390625 0.5888671875 0.26953125 0.5673828125 0.2529296875 0.5546875 0.2314453125 0.552734375 0.1982421875 0.564453125 0.17578125 0.5888671875 0.130859375 0.6669921875 0.130859375 0.7177734375 0.1455078125 0.732421875
2 0.453125 0.5947265625 0.4609375 0.5556640625 0.4697265625 0.54296875 0.4775390625 0.544921875 0.482421875 0.5380859375 0.484375 0.4833984375 0.4765625 0.4443359375 0.4462890625 0.43359375 0.427734375 0.4541015625 0.404296875 0.4990234375 0.404296875 0.5126953125 0.392578125 0.5380859375 0.390625 0.5771484375 0.3955078125 0.595703125
2 0.359375 0.4912109375 0.37109375 0.4873046875 0.37109375 0.4677734375 0.3984375 0.4248046875 0.3984375 0.3759765625 0.3818359375 0.359375 0.34375 0.3623046875 0.31640625 0.4423828125 0.318359375 0.4892578125
3 0.357421875 0.3330078125 0.3515625 0.2861328125 0.337890625 0.2822265625 0.337890625 0.2626953125 0.3310546875 0.2578125 0.3203125 0.2841796875 0.326171875 0.3076171875 0.31640625 0.3154296875 0.314453125 0.3291015625 0.3232421875 0.333984375
2 0.408203125 0.3349609375 0.412109375 0.2958984375 0.40234375 0.2587890625 0.3779296875 0.251953125 0.369140625 0.2724609375 0.373046875 0.3310546875
2 0.533203125 0.3681640625 0.541015625 0.3408203125 0.53515625 0.2939453125 0.5205078125 0.271484375 0.5009765625 0.271484375 0.4921875 0.2900390625 0.490234375 0.3173828125 0.498046875 0.3603515625 0.5068359375 0.3671875
9 0.896484375 0.5205078125 0.904296875 0.4912109375 0.8974609375 0.458984375 0.88671875 0.4912109375 0.88671875 0.5126953125
2 0.43359375 0.2587890625 0.43359375 0.2060546875 0.4208984375 0.185546875 0.4072265625 0.18359375 0.400390625 0.2197265625 0.404296875 0.2548828125
2 0.37890625 0.2373046875 0.37890625 0.1923828125 0.3681640625 0.173828125 0.3525390625 0.171875 0.34375 0.2041015625 0.34765625 0.2314453125
2 0.3984375 0.1923828125 0.4052734375 0.18359375 0.41796875 0.1806640625 0.41796875 0.1572265625 0.4111328125 0.142578125 0.3916015625 0.142578125 0.384765625 0.1552734375 0.38671875 0.1884765625
2 0.47265625 0.2490234375 0.48828125 0.2451171875 0.4921875 0.2158203125 0.478515625 0.1845703125 0.4599609375 0.1796875 0.451171875 0.1943359375 0.451171875 0.2236328125 0.458984375 0.2412109375
2 0.34765625 0.1708984375 0.359375 0.1669921875 0.361328125 0.1455078125 0.3515625 0.1083984375 0.3388671875 0.1015625 0.330078125 0.1123046875 0.330078125 0.1572265625 0.3388671875 0.171875
2 0.37890625 0.1279296875 0.384765625 0.1181640625 0.380859375 0.0888671875 0.3642578125 0.078125 0.357421875 0.0849609375 0.35546875 0.1181640625 0.3603515625 0.126953125
2 0.34765625 0.9990234375 0.34765625 0.9111328125 0.3212890625 0.892578125 0.2802734375 0.8828125 0.220703125 0.9990234375
13 0.93359375 0.5341796875 0.939453125 0.4736328125 0.9306640625 0.466796875 0.919921875 0.5185546875 0.923828125 0.5302734375