3 0.6328125 0.6826171875 0.646484375 0.6083984375 0.646484375 0.5693359375 0.6396484375 0.541015625 0.6328125 0.5458984375 0.623046875 0.5830078125 0.623046875 0.6455078125 0.61328125 0.6728515625 0.6201171875 0.68359375
8 0.09765625 0.5615234375 0.1015625 0.5322265625 0.087890625 0.5205078125 0.083984375 0.5029296875 0.0732421875 0.4921875 0.0537109375 0.4921875 0.0390625 0.5205078125 0.04296875 0.5576171875 0.0537109375 0.5625 0.0810546875 0.546875 0.0888671875 0.5625
8 0.16796875 0.5126953125 0.17578125 0.5029296875 0.17578125 0.4853515625 0.154296875 0.4521484375 0.13671875 0.4423828125 0.1318359375 0.427734375 0.126953125 0.4619140625 0.11328125 0.4658203125 0.115234375 0.5029296875 0.1279296875 0.51171875 0.1357421875 0.50390625 0.1533203125 0.501953125 0.1591796875 0.51171875
8 0.095703125 0.4794921875 0.1015625 0.4716796875 0.099609375 0.4541015625 0.087890625 0.4443359375 0.08203125 0.4208984375 0.0595703125 0.40234375 0.056640625 0.4169921875 0.0390625 0.4228515625 0.0390625 0.4365234375 0.048828125 0.4462890625 0.048828125 0.4716796875 0.0751953125 0.47265625 0.0830078125 0.466796875 0.087890625 0.4775390625
8 0.328125 0.4521484375 0.337890625 0.4326171875 0.326171875 0.4169921875 0.32421875 0.4033203125 0.2978515625 0.38671875 0.2822265625 0.388671875 0.27734375 0.4033203125 0.279296875 0.4423828125 0.2900390625 0.451171875 0.3076171875 0.44921875 0.3134765625 0.44140625
1 1 0.9990234375 0.9990234375 0.72265625 0.7822265625 0.74609375 0.7421875 0.7587890625 0.7265625 0.8681640625 0.716796875 0.8994140625 0.708984375 0.9794921875 0.7119140625 1
2 0.431640625 0.2568359375 0.4375 0.2333984375 0.431640625 0.1982421875 0.4228515625 0.1796875 0.4072265625 0.181640625 0.3984375 0.1982421875 0.396484375 0.2392578125 0.4052734375 0.25390625
2 0.376953125 0.2490234375 0.37890625 0.2041015625 0.3681640625 0.1875 0.3525390625 0.18359375 0.341796875 0.2041015625 0.345703125 0.2412109375 0.3505859375 0.248046875
2 0.486328125 0.2490234375 0.484375 0.1962890625 0.4599609375 0.1796875 0.453125 0.1845703125 0.44921875 0.2021484375 0.451171875 0.2392578125 0.4580078125 0.25
2 0.396484375 0.1982421875 0.4052734375 0.181640625 0.42578125 0.1787109375 0.419921875 0.1455078125 0.4072265625 0.1328125 0.3935546875 0.134765625 0.38671875 0.1474609375 0.384765625 0.1884765625
2 0.345703125 0.1845703125 0.361328125 0.1748046875 0.359375 0.1474609375 0.3544921875 0.1328125 0.3369140625 0.130859375 0.33203125 0.1689453125 0.333984375 0.1806640625
2 0.384765625 0.1611328125 0.396484375 0.1240234375 0.3896484375 0.11328125 0.3740234375 0.11328125 0.3671875 0.1240234375 0.365234375 0.1494140625 0.3740234375 0.162109375
2 0.365234375 0.1279296875 0.380859375 0.1103515625 0.37890625 0.0908203125 0.3681640625 0.083984375 0.357421875 0.0908203125 0.353515625 0.1181640625
2 0.337890625 0.1142578125 0.33984375 0.0927734375 0.3330078125 0.0859375 0.330078125 0.1044921875 0.33203125 0.1142578125
2 0.326171875 0.1142578125 0.328125 0.0810546875 0.3212890625 0.072265625 0.310546875 0.1083984375
2 0.35546875 0.1025390625 0.359375 0.0869140625 0.373046875 0.0830078125 0.3681640625 0.064453125 0.3515625 0.0693359375 0.34765625 0.0966796875
2 0.349609375 0.0791015625 0.365234375 0.0615234375 0.3583984375 0.04296875 0.341796875 0.0498046875 0.33984375 0.0771484375
13 0.935546875 0.6083984375 0.94140625 0.5634765625 0.94140625 0.4697265625 0.9345703125 0.458984375 0.923828125 0.4755859375 0.919921875 0.5263671875 0.927734375 0.5458984375 0.921875 0.5966796875 0.9287109375 0.609375