2 0.61328125 0.6962890625 0.6376953125 0.69140625 0.642578125 0.6787109375 0.642578125 0.6298828125 0.630859375 0.6005859375 0.630859375 0.5791015625 0.595703125 0.5146484375 0.5888671875 0.5078125 0.5615234375 0.509765625 0.541015625 0.5341796875 0.5390625 0.5986328125 0.5625 0.6416015625 0.5703125 0.6904296875 0.5869140625 0.697265625
2 0.689453125 0.5478515625 0.7041015625 0.546875 0.7109375 0.5302734375 0.69921875 0.4677734375 0.6748046875 0.42578125 0.6318359375 0.423828125 0.623046875 0.4326171875 0.623046875 0.4873046875 0.6484375 0.5224609375 0.6552734375 0.546875
2 0.5390625 0.4697265625 0.556640625 0.4619140625 0.5546875 0.4169921875 0.54296875 0.3642578125 0.5283203125 0.359375 0.51171875 0.3662109375 0.505859375 0.4521484375 0.5107421875 0.46875
2 0.626953125 0.3642578125 0.626953125 0.2763671875 0.6005859375 0.271484375 0.58984375 0.3291015625 0.6044921875 0.36328125
2 0.55078125 0.3271484375 0.55859375 0.3154296875 0.56640625 0.2626953125 0.5615234375 0.25390625 0.5341796875 0.251953125 0.521484375 0.2763671875 0.517578125 0.3232421875 0.5224609375 0.328125
8 0.7734375 0.9990234375 0.771484375 0.9638671875 0.755859375 0.9365234375 0.75390625 0.8896484375 0.7470703125 0.890625 0.732421875 0.8759765625 0.736328125 0.8525390625 0.7275390625 0.841796875 0.689453125 0.8974609375 0.689453125 0.9580078125 0.7275390625 1
3 0.37890625 0.4033203125 0.400390625 0.3857421875 0.400390625 0.3681640625 0.384765625 0.3583984375 0.3798828125 0.32421875 0.37109375 0.3291015625 0.365234375 0.3681640625 0.3671875 0.3935546875
2 0.650390625 0.2041015625 0.658203125 0.1904296875 0.65625 0.1611328125 0.6513671875 0.1484375 0.6376953125 0.1484375 0.62890625 0.1591796875 0.626953125 0.2001953125
2 0.58984375 0.2509765625 0.59765625 0.2353515625 0.59765625 0.1962890625 0.5908203125 0.1875 0.5732421875 0.1875 0.564453125 0.2021484375 0.55859375 0.2412109375 0.5673828125 0.251953125
2 0.61328125 0.1748046875 0.62109375 0.1611328125 0.619140625 0.1259765625 0.5986328125 0.125 0.587890625 0.1533203125 0.58984375 0.1708984375
2 0.666015625 0.1240234375 0.66796875 0.1025390625 0.6494140625 0.099609375 0.642578125 0.1220703125
2 1 0.9404296875 1 0.7841796875 0.9638671875 0.744140625 0.9111328125 0.71484375 0.884765625 0.7353515625 0.869140625 0.7646484375 0.861328125 0.8115234375 0.87109375 0.8427734375 0.9033203125 0.85546875 0.953125 0.8994140625 0.9677734375 0.92578125
2 0.0703125 0.5361328125 0.080078125 0.5146484375 0.076171875 0.4755859375 0.0634765625 0.46484375 0.064453125 0.5244140625
13 0.0703125 0.5361328125 0.080078125 0.5166015625 0.07421875 0.4716796875 0.0654296875 0.46484375 0.064453125 0.5244140625