2 0.203125 0.6767578125 0.23046875 0.6396484375 0.265625 0.6083984375 0.27734375 0.5751953125 0.2734375 0.5341796875 0.2470703125 0.521484375 0.2099609375 0.5234375 0.1904296875 0.5390625 0.17578125 0.5654296875 0.166015625 0.5712890625 0.162109375 0.5927734375 0.14453125 0.6220703125 0.140625 0.6494140625 0.1494140625 0.673828125
2 0.1640625 0.6669921875 0.1640625 0.6611328125 0.1689453125 0.666015625 0.1748046875 0.65625 0.1875 0.6591796875 0.1845703125 0.650390625 0.1748046875 0.65234375 0.171875 0.6474609375 0.18359375 0.6435546875 0.1796875 0.6337890625 0.2001953125 0.634765625 0.203125 0.6142578125 0.2119140625 0.609375 0.2177734375 0.61328125 0.2275390625 0.59765625 0.236328125 0.6064453125 0.232421875 0.6123046875 0.2392578125 0.623046875 0.2451171875 0.611328125 0.263671875 0.6044921875 0.27734375 0.5673828125 0.2705078125 0.53125 0.2451171875 0.521484375 0.2080078125 0.5234375 0.1640625 0.5693359375 0.166015625 0.5830078125 0.158203125 0.6025390625 0.1484375 0.6103515625 0.142578125 0.6318359375 0.142578125 0.6416015625 0.154296875 0.6455078125 0.154296875 0.6533203125 0.14453125 0.6611328125
2 0.2734375 0.9990234375 0.291015625 0.9833984375 0.341796875 0.8583984375 0.35546875 0.8388671875 0.365234375 0.7744140625 0.357421875 0.7197265625 0.3388671875 0.70703125 0.3076171875 0.69921875 0.2822265625 0.712890625 0.267578125 0.7294921875 0.232421875 0.8095703125 0.21875 0.8212890625 0.216796875 0.8583984375 0.1953125 0.9130859375 0.1953125 0.9599609375 0.203125 0.9794921875 0.2158203125 0.986328125 0.2236328125 1
2 0.408203125 0.4365234375 0.41796875 0.3837890625 0.4140625 0.3369140625 0.408203125 0.3173828125 0.3935546875 0.314453125 0.3818359375 0.318359375 0.373046875 0.3349609375 0.36328125 0.3701171875 0.359375 0.4228515625 0.3642578125 0.4375
2 0.458984375 0.4306640625 0.49609375 0.4248046875 0.498046875 0.3642578125 0.48828125 0.3271484375 0.4755859375 0.318359375 0.455078125 0.3251953125 0.44921875 0.3466796875 0.44921875 0.4248046875
2 0.396484375 0.2919921875 0.40234375 0.2861328125 0.400390625 0.2373046875 0.39453125 0.2177734375 0.3740234375 0.208984375 0.3671875 0.2138671875 0.361328125 0.2353515625 0.36328125 0.2802734375 0.3701171875 0.2890625
2 0.359375 0.2275390625 0.36328125 0.2138671875 0.37890625 0.2060546875 0.37890625 0.1904296875 0.3662109375 0.162109375 0.3486328125 0.162109375 0.341796875 0.1767578125 0.33984375 0.2119140625 0.3505859375 0.228515625
2 0.4296875 0.2119140625 0.43359375 0.1708984375 0.427734375 0.1513671875 0.4052734375 0.1484375 0.400390625 0.1611328125 0.40234375 0.2060546875
2 0.345703125 0.1376953125 0.3515625 0.1298828125 0.349609375 0.1025390625 0.345703125 0.0908203125 0.3330078125 0.0859375 0.32421875 0.0966796875 0.322265625 0.1279296875 0.3369140625 0.138671875
2 0.3828125 0.1240234375 0.37890625 0.0712890625 0.3623046875 0.0625 0.35546875 0.0771484375 0.35546875 0.1162109375 0.3642578125 0.125
2 0.2421875 0.1162109375 0.25390625 0.1064453125 0.25390625 0.0830078125 0.2373046875 0.076171875 0.228515625 0.0810546875 0.2265625 0.1142578125
2 0.18359375 0.1357421875 0.201171875 0.1318359375 0.203125 0.0888671875 0.1962890625 0.08203125 0.1845703125 0.08203125 0.177734375 0.0908203125 0.17578125 0.1337890625
2 0.32421875 0.0849609375 0.328125 0.0517578125 0.3212890625 0.044921875 0.3095703125 0.044921875 0.302734375 0.0595703125 0.302734375 0.0810546875
8 0.919921875 0.7939453125 0.927734375 0.7626953125 0.919921875 0.7333984375 0.9296875 0.6923828125 0.94921875 0.4814453125 0.947265625 0.4619140625 0.9365234375 0.45703125 0.923828125 0.4755859375 0.923828125 0.6240234375 0.91015625 0.7373046875 0.90234375 0.7412109375 0.8984375 0.7548828125 0.90234375 0.7900390625