4 0.2109375 0.8173828125 0.2421875 0.7802734375 0.248046875 0.7158203125 0.259765625 0.7041015625 0.291015625 0.6435546875 0.30078125 0.6376953125 0.30859375 0.6044921875 0.3203125 0.5908203125 0.345703125 0.5244140625 0.34375 0.4443359375 0.33984375 0.4267578125 0.3310546875 0.41796875 0.2763671875 0.412109375 0.26953125 0.4189453125 0.265625 0.4326171875 0.2421875 0.4580078125 0.19921875 0.5322265625 0.171875 0.5654296875 0.162109375 0.5986328125 0.140625 0.6279296875 0.13671875 0.6455078125 0.125 0.6552734375 0.125 0.6806640625 0.1328125 0.7041015625 0.134765625 0.7822265625 0.140625 0.7958984375 0.1767578125 0.8125
2 0.341796875 0.9443359375 0.36328125 0.9306640625 0.37109375 0.8916015625 0.40234375 0.8115234375 0.404296875 0.7900390625 0.40234375 0.7314453125 0.3779296875 0.705078125 0.3603515625 0.69921875 0.3466796875 0.69921875 0.330078125 0.7177734375 0.30078125 0.7880859375 0.275390625 0.8818359375 0.27734375 0.9169921875 0.2919921875 0.9375 0.3173828125 0.9453125
8 0.484375 0.7919921875 0.49609375 0.7822265625 0.5078125 0.7333984375 0.5078125 0.6611328125 0.4951171875 0.626953125 0.4765625 0.6767578125 0.482421875 0.7373046875 0.46875 0.7763671875 0.47265625 0.7900390625
8 0.4296875 0.7490234375 0.451171875 0.7021484375 0.447265625 0.5244140625 0.4365234375 0.50390625 0.4296875 0.5048828125 0.41796875 0.5380859375 0.421875 0.6123046875 0.412109375 0.6279296875 0.423828125 0.6494140625 0.42578125 0.6708984375 0.423828125 0.7138671875 0.412109375 0.7392578125 0.4208984375 0.75
9 0.6171875 0.7802734375 0.630859375 0.7705078125 0.634765625 0.7197265625 0.642578125 0.7119140625 0.640625 0.6708984375 0.6318359375 0.642578125 0.62109375 0.6572265625 0.6171875 0.7587890625 0.607421875 0.7763671875
9 0.869140625 0.5419921875 0.875 0.4755859375 0.8720703125 0.439453125 0.86328125 0.4462890625 0.85546875 0.5087890625 0.859375 0.5380859375
2 0.388671875 0.4619140625 0.3984375 0.4501953125 0.408203125 0.4033203125 0.408203125 0.3564453125 0.4013671875 0.345703125 0.3759765625 0.341796875 0.3515625 0.3837890625 0.35546875 0.3935546875 0.349609375 0.4501953125 0.3525390625 0.45703125 0.3740234375 0.453125
2 0.494140625 0.4716796875 0.5 0.4560546875 0.501953125 0.4072265625 0.498046875 0.3564453125 0.4912109375 0.34765625 0.4736328125 0.34765625 0.46484375 0.3525390625 0.458984375 0.3857421875 0.451171875 0.3974609375 0.447265625 0.4599609375 0.4521484375 0.46875
2 0.408203125 0.3056640625 0.412109375 0.2724609375 0.40234375 0.2255859375 0.3896484375 0.208984375 0.3740234375 0.208984375 0.36328125 0.2470703125 0.3671875 0.2998046875 0.3720703125 0.3046875
2 0.478515625 0.3330078125 0.478515625 0.2646484375 0.4638671875 0.2421875 0.4501953125 0.240234375 0.44140625 0.2490234375 0.435546875 0.3134765625 0.4501953125 0.333984375
2 0.517578125 0.2783203125 0.517578125 0.2431640625 0.5078125 0.2138671875 0.4951171875 0.203125 0.4794921875 0.203125 0.47265625 0.2138671875 0.470703125 0.2431640625 0.48046875 0.2724609375 0.4873046875 0.279296875
2 0.42578125 0.2255859375 0.431640625 0.2041015625 0.423828125 0.1708984375 0.4169921875 0.16015625 0.3994140625 0.16015625 0.392578125 0.1708984375 0.390625 0.2060546875 0.4033203125 0.224609375
2 0.369140625 0.1865234375 0.369140625 0.1357421875 0.3583984375 0.123046875 0.3486328125 0.123046875 0.33984375 0.1376953125 0.33984375 0.1826171875 0.3427734375 0.1875
2 0.32421875 0.1201171875 0.3232421875 0.0859375 0.318359375 0.1142578125
2 0.33984375 0.1259765625 0.34765625 0.1162109375 0.34765625 0.0966796875 0.3369140625 0.076171875 0.33203125 0.0810546875 0.33203125 0.1240234375
2 0.373046875 0.1025390625 0.37890625 0.0927734375 0.376953125 0.0771484375 0.3701171875 0.06640625 0.3583984375 0.064453125 0.3515625 0.0732421875 0.3515625 0.0986328125 0.3564453125 0.103515625
2 0.349609375 0.0732421875 0.365234375 0.0595703125 0.361328125 0.0361328125 0.3505859375 0.025390625 0.33984375 0.0322265625 0.3359375 0.0576171875 0.33984375 0.0712890625
2 0.189453125 0.1240234375 0.201171875 0.1162109375 0.203125 0.0927734375 0.1943359375 0.08203125 0.1826171875 0.08203125 0.17578125 0.0966796875 0.17578125 0.1181640625
13 0.93359375 0.5341796875 0.94140625 0.4775390625 0.9345703125 0.458984375 0.92578125 0.4716796875 0.92578125 0.5107421875 0.919921875 0.5146484375 0.92578125 0.5341796875