2 0.556640625 0.5908203125 0.576171875 0.5849609375 0.576171875 0.5048828125 0.568359375 0.4970703125 0.5537109375 0.453125 0.5205078125 0.453125 0.51171875 0.4580078125 0.5078125 0.5068359375 0.515625 0.5791015625 0.5224609375 0.591796875
2 0.66015625 0.4833984375 0.669921875 0.4814453125 0.673828125 0.4580078125 0.658203125 0.3876953125 0.6474609375 0.37109375 0.6181640625 0.37109375 0.603515625 0.3916015625 0.603515625 0.4345703125 0.61328125 0.4462890625 0.6220703125 0.48046875
2 0.654296875 0.9150390625 0.6767578125 0.91015625 0.69140625 0.8974609375 0.69140625 0.8232421875 0.681640625 0.7978515625 0.681640625 0.7744140625 0.66796875 0.7529296875 0.658203125 0.7158203125 0.638671875 0.6787109375 0.6298828125 0.669921875 0.6181640625 0.669921875 0.5947265625 0.677734375 0.580078125 0.6943359375 0.57421875 0.7724609375 0.607421875 0.8564453125 0.61328125 0.8974609375 0.6396484375 0.9140625
2 0.4921875 0.2822265625 0.5185546875 0.279296875 0.53125 0.2568359375 0.533203125 0.2158203125 0.5244140625 0.201171875 0.5048828125 0.203125 0.490234375 0.2275390625 0.484375 0.2744140625
2 0.546875 0.2958984375 0.5751953125 0.294921875 0.580078125 0.2880859375 0.5859375 0.2333984375 0.5751953125 0.220703125 0.5595703125 0.220703125 0.548828125 0.2314453125 0.541015625 0.2626953125 0.541015625 0.2939453125
2 0.6015625 0.2958984375 0.6279296875 0.294921875 0.634765625 0.2861328125 0.63671875 0.2333984375 0.6279296875 0.220703125 0.6103515625 0.22265625 0.603515625 0.2333984375 0.595703125 0.2783203125
5 0.59375 0.1611328125 0.6142578125 0.16015625 0.626953125 0.1396484375 0.626953125 0.0751953125 0.6162109375 0.06640625 0.6015625 0.0712890625 0.58984375 0.0986328125 0.5859375 0.1513671875
2 0.65234375 0.1904296875 0.66015625 0.1806640625 0.658203125 0.1337890625 0.6376953125 0.130859375 0.62890625 0.1435546875 0.62890625 0.1884765625
2 0.818359375 0.1220703125 0.822265625 0.0908203125 0.8173828125 0.08203125 0.8056640625 0.080078125 0.796875 0.0947265625 0.798828125 0.1162109375 0.8056640625 0.123046875
2 1 0.9990234375 1 0.9482421875 0.9228515625 0.87890625 0.9072265625 0.876953125 0.8955078125 0.884765625 0.861328125 0.9365234375 0.861328125 0.9990234375
2 0.091796875 0.7900390625 0.09375 0.7392578125 0.087890625 0.7294921875 0.07421875 0.6181640625 0.07421875 0.5341796875 0.080078125 0.5166015625 0.076171875 0.4755859375 0.0634765625 0.462890625 0.052734375 0.4677734375 0.052734375 0.4912109375 0.0703125 0.7001953125 0.078125 0.7216796875 0.07421875 0.7646484375 0.076171875 0.7861328125
2 0.091796875 0.7919921875 0.09765625 0.7431640625 0.087890625 0.7255859375 0.07421875 0.6181640625 0.07421875 0.5341796875 0.080078125 0.5224609375 0.076171875 0.4755859375 0.0693359375 0.46484375 0.0556640625 0.462890625 0.0546875 0.5302734375 0.0703125 0.6904296875 0.078125 0.7216796875 0.07421875 0.7724609375 0.076171875 0.7880859375 0.091796875 0.7919921875