13 0.904296875 0.8779296875 0.916015625 0.8134765625 0.923828125 0.8017578125 0.927734375 0.7626953125 0.921875 0.7275390625 0.9296875 0.7021484375 0.93359375 0.6181640625 0.955078125 0.4423828125 0.951171875 0.4345703125 0.958984375 0.4169921875 0.9619140625 0.279296875 0.95703125 0.2841796875 0.955078125 0.3232421875 0.947265625 0.3291015625 0.947265625 0.4677734375 0.9423828125 0.470703125 0.9345703125 0.458984375 0.923828125 0.4755859375 0.923828125 0.6201171875 0.91015625 0.7353515625 0.90234375 0.7412109375 0.8984375 0.7587890625
2 0.361328125 0.9970703125 0.369140625 0.9892578125 0.373046875 0.9638671875 0.416015625 0.8525390625 0.423828125 0.8037109375 0.423828125 0.7607421875 0.41796875 0.7490234375 0.3837890625 0.73046875 0.3662109375 0.73046875 0.34375 0.7529296875 0.298828125 0.8525390625 0.298828125 0.8720703125 0.279296875 0.9365234375 0.2861328125 0.984375 0.2978515625 0.9921875
2 0.00390625 0.8681640625 0.0283203125 0.849609375 0.0498046875 0.85546875 0.060546875 0.8427734375 0.064453125 0.7919921875 0.056640625 0.7607421875 0.04296875 0.7392578125 0.0185546875 0.720703125 0 0.7294921875
2 0.427734375 0.2568359375 0.435546875 0.2509765625 0.439453125 0.2236328125 0.4228515625 0.166015625 0.421875 0.1767578125 0.400390625 0.1884765625 0.396484375 0.2373046875 0.4052734375 0.25390625
2 0.3984375 0.1982421875 0.4072265625 0.181640625 0.42578125 0.1787109375 0.41796875 0.1416015625 0.4052734375 0.1328125 0.3935546875 0.134765625 0.384765625 0.1474609375 0.384765625 0.1884765625 0.3916015625 0.19921875
2 0.349609375 0.1884765625 0.359375 0.1845703125 0.361328125 0.1591796875 0.353515625 0.1357421875 0.3369140625 0.130859375 0.33203125 0.1357421875 0.33203125 0.1787109375 0.3369140625 0.1875
2 0.384765625 0.1611328125 0.396484375 0.1240234375 0.3916015625 0.115234375 0.3759765625 0.111328125 0.369140625 0.1201171875 0.3671875 0.1513671875 0.3740234375 0.162109375
2 0.474609375 0.2294921875 0.482421875 0.2177734375 0.4765625 0.1806640625 0.4658203125 0.16796875 0.4541015625 0.16796875 0.443359375 0.1865234375 0.443359375 0.2177734375 0.4560546875 0.23046875
2 0.361328125 0.1103515625 0.37109375 0.1083984375 0.373046875 0.0947265625 0.3671875 0.0693359375 0.3564453125 0.064453125 0.349609375 0.0712890625 0.345703125 0.1005859375 0.3505859375 0.109375
2 0.326171875 0.1005859375 0.3310546875 0.09375 0.333984375 0.0966796875 0.337890625 0.0810546875 0.3193359375 0.05859375 0.310546875 0.0693359375 0.30859375 0.0966796875 0.3115234375 0.1015625
2 0.34765625 0.0732421875 0.361328125 0.0595703125 0.359375 0.0400390625 0.3505859375 0.029296875 0.33984375 0.0322265625 0.337890625 0.0458984375 0.337890625 0.0693359375
2 0.314453125 0.0615234375 0.32421875 0.0556640625 0.3173828125 0.0390625 0.3046875 0.0458984375 0.306640625 0.0615234375 0.314453125 0.0615234375