13 0.912109375 0.7939453125 0.923828125 0.7880859375 0.921875 0.7236328125 0.94921875 0.4833984375 0.94921875 0.4697265625 0.9345703125 0.458984375 0.923828125 0.4775390625 0.919921875 0.5166015625 0.92578125 0.5361328125 0.92578125 0.6162109375 0.91015625 0.7373046875 0.900390625 0.7548828125 0.90234375 0.7861328125
2 0.3515625 0.6689453125 0.373046875 0.6630859375 0.390625 0.6181640625 0.4140625 0.5927734375 0.4140625 0.5224609375 0.3994140625 0.509765625 0.3740234375 0.5078125 0.3515625 0.5185546875 0.30859375 0.6044921875 0.30859375 0.6591796875 0.3271484375 0.66796875
2 0.32421875 0.5166015625 0.3701171875 0.5078125 0.388671875 0.4697265625 0.392578125 0.4365234375 0.38671875 0.4091796875 0.3759765625 0.396484375 0.3466796875 0.3984375 0.3203125 0.4443359375 0.314453125 0.5087890625
2 0.48828125 0.5009765625 0.49609375 0.4228515625 0.48828125 0.3408203125 0.4814453125 0.32421875 0.4560546875 0.322265625 0.44921875 0.3369140625 0.44140625 0.4052734375 0.43359375 0.4150390625 0.43359375 0.4912109375 0.4365234375 0.49609375
2 0.396484375 0.4013671875 0.404296875 0.3955078125 0.40234375 0.2939453125 0.3955078125 0.28515625 0.3759765625 0.28515625 0.369140625 0.2939453125 0.357421875 0.3857421875 0.3623046875 0.392578125
2 0.001953125 0.8720703125 0.0517578125 0.828125 0.0673828125 0.82421875 0.08203125 0.8056640625 0.08984375 0.7646484375 0.0859375 0.7275390625 0.0654296875 0.69921875 0.0263671875 0.701171875 0 0.7119140625
2 0.390625 0.2412109375 0.39453125 0.2236328125 0.388671875 0.1845703125 0.3837890625 0.17578125 0.3701171875 0.173828125 0.361328125 0.1845703125 0.361328125 0.2314453125 0.3662109375 0.2421875
2 0.361328125 0.1767578125 0.36328125 0.1474609375 0.357421875 0.1240234375 0.3408203125 0.119140625 0.333984375 0.1259765625 0.333984375 0.1728515625
2 0.326171875 0.1259765625 0.3291015625 0.119140625 0.3349609375 0.12109375 0.345703125 0.1123046875 0.341796875 0.0869140625 0.3349609375 0.080078125 0.3291015625 0.087890625 0.3232421875 0.0859375 0.3203125 0.0947265625 0.318359375 0.1240234375
8 0.3828125 0.2822265625 0.3828125 0.2470703125 0.3759765625 0.244140625 0.37109375 0.2509765625 0.37109375 0.2802734375
9 0.169921875 0.3330078125 0.166015625 0.2783203125 0.1611328125 0.2734375 0.154296875 0.2880859375 0.158203125 0.3330078125
2 0.193359375 0.1259765625 0.201171875 0.1181640625 0.205078125 0.0869140625 0.2001953125 0.080078125 0.1845703125 0.080078125 0.177734375 0.0888671875 0.17578125 0.1220703125 0.1787109375 0.126953125