2 0.623046875 0.3056640625 0.630859375 0.2880859375 0.62890625 0.2353515625 0.6142578125 0.2265625 0.595703125 0.2392578125 0.5859375 0.3037109375
2 0.541015625 0.2880859375 0.5654296875 0.287109375 0.572265625 0.2802734375 0.576171875 0.2509765625 0.5673828125 0.21875 0.5458984375 0.220703125 0.5390625 0.2294921875 0.533203125 0.2880859375
2 0.51171875 0.4365234375 0.552734375 0.4326171875 0.546875 0.3388671875 0.5361328125 0.33203125 0.5205078125 0.333984375 0.51171875 0.3486328125 0.505859375 0.4072265625 0.505859375 0.4326171875
2 0.640625 0.5009765625 0.65234375 0.4970703125 0.658203125 0.4736328125 0.634765625 0.3896484375 0.6279296875 0.3828125 0.5986328125 0.384765625 0.58984375 0.4033203125 0.58984375 0.4365234375 0.6015625 0.4931640625 0.6142578125 0.501953125
2 0.677734375 0.7685546875 0.6943359375 0.765625 0.712890625 0.7529296875 0.7109375 0.7333984375 0.6943359375 0.697265625 0.650390625 0.7119140625 0.654296875 0.7607421875 0.6650390625 0.76953125
2 0.689453125 0.8603515625 0.7119140625 0.857421875 0.724609375 0.8447265625 0.728515625 0.7919921875 0.71484375 0.7529296875 0.71875 0.7255859375 0.70703125 0.7177734375 0.673828125 0.6474609375 0.6572265625 0.634765625 0.6298828125 0.634765625 0.611328125 0.6455078125 0.603515625 0.6650390625 0.607421875 0.7412109375 0.63671875 0.7958984375 0.6484375 0.8447265625 0.6669921875 0.859375
2 0.962890625 0.9990234375 0.966796875 0.9658203125 0.943359375 0.9111328125 0.9453125 0.8837890625 0.927734375 0.8583984375 0.921875 0.8310546875 0.912109375 0.8251953125 0.8955078125 0.7890625 0.8779296875 0.783203125 0.8466796875 0.79296875 0.82421875 0.8271484375 0.828125 0.9033203125 0.84375 0.9189453125 0.8671875 0.9716796875 0.8935546875 1
2 0.603515625 0.1962890625 0.615234375 0.1767578125 0.615234375 0.1455078125 0.5966796875 0.138671875 0.583984375 0.1533203125 0.576171875 0.1865234375 0.5791015625 0.1953125
2 0.625 0.2138671875 0.65234375 0.2080078125 0.65234375 0.1611328125 0.6435546875 0.15234375 0.626953125 0.1591796875 0.619140625 0.1806640625 0.619140625 0.2080078125
2 0.66015625 0.1591796875 0.666015625 0.1552734375 0.666015625 0.1123046875 0.6533203125 0.107421875 0.642578125 0.1201171875 0.640625 0.1494140625
2 0.6328125 0.1279296875 0.642578125 0.1123046875 0.642578125 0.0869140625 0.6259765625 0.080078125 0.619140625 0.0830078125 0.61328125 0.0986328125 0.61328125 0.1220703125 0.6181640625 0.12890625
2 0.650390625 0.0830078125 0.654296875 0.0556640625 0.6416015625 0.046875 0.634765625 0.0517578125 0.630859375 0.0751953125 0.6416015625 0.083984375
9 0.380859375 0.3974609375 0.388671875 0.3779296875 0.3828125 0.3291015625 0.3740234375 0.326171875 0.365234375 0.3798828125 0.3671875 0.3935546875
13 0.072265625 0.5341796875 0.080078125 0.5126953125 0.076171875 0.4755859375 0.0654296875 0.462890625 0.060546875 0.4716796875 0.064453125 0.5224609375 0.06640625 0.5341796875