2 0.6015625 0.5732421875 0.603515625 0.5361328125 0.595703125 0.5126953125 0.599609375 0.5009765625 0.583984375 0.4658203125 0.5712890625 0.4453125 0.5439453125 0.44921875 0.53515625 0.4658203125 0.53515625 0.5302734375 0.548828125 0.5537109375 0.546875 0.5673828125 0.5517578125 0.57421875
2 0.6640625 0.5224609375 0.6748046875 0.521484375 0.68359375 0.5068359375 0.67578125 0.4443359375 0.6513671875 0.3984375 0.6123046875 0.3984375 0.603515625 0.4228515625 0.607421875 0.4892578125 0.6318359375 0.521484375
2 0.552734375 0.4287109375 0.55859375 0.3955078125 0.556640625 0.3427734375 0.5458984375 0.328125 0.5283203125 0.326171875 0.517578125 0.3369140625 0.509765625 0.3662109375 0.5078125 0.4228515625 0.5126953125 0.427734375
2 0.599609375 0.3994140625 0.6298828125 0.392578125 0.634765625 0.3681640625 0.626953125 0.2763671875 0.6083984375 0.265625 0.6005859375 0.265625 0.591796875 0.2763671875 0.583984375 0.3193359375 0.5859375 0.3857421875 0.58984375 0.3994140625
2 0.5703125 0.2822265625 0.58203125 0.2783203125 0.58984375 0.2490234375 0.5859375 0.2119140625 0.5791015625 0.20703125 0.5654296875 0.20703125 0.556640625 0.2138671875 0.544921875 0.2548828125 0.546875 0.2822265625
2 0.501953125 0.3486328125 0.509765625 0.2900390625 0.4990234375 0.267578125 0.4833984375 0.267578125 0.46875 0.2880859375 0.462890625 0.3427734375 0.4677734375 0.349609375
2 0.640625 0.2041015625 0.6591796875 0.203125 0.66796875 0.1904296875 0.666015625 0.1533203125 0.6591796875 0.142578125 0.6455078125 0.142578125 0.63671875 0.1611328125 0.6328125 0.1962890625
2 0.587890625 0.2021484375 0.6083984375 0.19921875 0.6171875 0.1845703125 0.615234375 0.1533203125 0.6064453125 0.140625 0.5947265625 0.142578125 0.5859375 0.1591796875 0.58203125 0.1884765625
2 0.62890625 0.1455078125 0.63671875 0.1376953125 0.63671875 0.1103515625 0.634765625 0.0986328125 0.6220703125 0.09375 0.61328125 0.1025390625 0.607421875 0.1376953125 0.6162109375 0.146484375
2 0.662109375 0.1376953125 0.67578125 0.1298828125 0.673828125 0.0927734375 0.6669921875 0.0859375 0.65625 0.0908203125 0.650390625 0.1123046875 0.65234375 0.1376953125
3 0.654296875 0.3349609375 0.68359375 0.3291015625 0.671875 0.3076171875 0.677734375 0.2861328125 0.6689453125 0.26171875 0.6630859375 0.26171875 0.6572265625 0.2734375 0.654296875 0.2685546875 0.640625 0.3154296875 0.640625 0.3330078125
13 0.072265625 0.5341796875 0.080078125 0.5146484375 0.076171875 0.4755859375 0.0654296875 0.46484375 0.060546875 0.4736328125 0.064453125 0.5263671875