8 0.05859375 0.7978515625 0.068359375 0.7763671875 0.0908203125 0.759765625 0.1025390625 0.759765625 0.111328125 0.7451171875 0.107421875 0.6884765625 0.1025390625 0.681640625 0.091796875 0.6806640625 0.0771484375 0.65234375 0.06640625 0.6591796875 0.068359375 0.6826171875 0.0546875 0.7021484375 0.048828125 0.7236328125 0.052734375 0.7451171875 0.04296875 0.7607421875 0.04296875 0.7900390625 0.0478515625 0.796875
2 0.517578125 0.5341796875 0.525390625 0.5205078125 0.529296875 0.4306640625 0.5205078125 0.408203125 0.5009765625 0.404296875 0.48828125 0.4091796875 0.48046875 0.4404296875 0.470703125 0.4521484375 0.4765625 0.4658203125 0.46875 0.5205078125 0.4775390625 0.52734375
2 0.3984375 0.4697265625 0.412109375 0.4287109375 0.412109375 0.3701171875 0.4072265625 0.365234375 0.3759765625 0.365234375 0.357421875 0.4033203125 0.3515625 0.4619140625
2 0.431640625 0.4130859375 0.4658203125 0.412109375 0.474609375 0.4013671875 0.474609375 0.3466796875 0.4619140625 0.314453125 0.4345703125 0.314453125 0.4296875 0.3232421875 0.423828125 0.4052734375
2 0.4609375 0.3076171875 0.46484375 0.2841796875 0.455078125 0.2373046875 0.4462890625 0.224609375 0.4287109375 0.22265625 0.416015625 0.2548828125 0.416015625 0.2880859375 0.4267578125 0.302734375
2 0.396484375 0.2822265625 0.400390625 0.2470703125 0.392578125 0.2177734375 0.3857421875 0.20703125 0.3662109375 0.20703125 0.35546875 0.2314453125 0.357421875 0.2724609375 0.3662109375 0.28125
2 0.419921875 0.2001953125 0.423828125 0.1806640625 0.416015625 0.1416015625 0.3974609375 0.13671875 0.38671875 0.1552734375 0.38671875 0.1904296875 0.3974609375 0.201171875
2 0.365234375 0.1708984375 0.36328125 0.1240234375 0.3544921875 0.115234375 0.3427734375 0.115234375 0.3359375 0.1650390625 0.3408203125 0.171875
2 0.482421875 0.2294921875 0.484375 0.2021484375 0.4765625 0.1708984375 0.4716796875 0.1640625 0.4521484375 0.1640625 0.4453125 0.1748046875 0.443359375 0.2119140625 0.4580078125 0.228515625
2 0.447265625 0.1650390625 0.451171875 0.1572265625 0.443359375 0.1201171875 0.4384765625 0.11328125 0.4228515625 0.111328125 0.416015625 0.1259765625 0.41796875 0.1552734375 0.4267578125 0.166015625
2 0.38671875 0.1494140625 0.396484375 0.1357421875 0.39453125 0.1064453125 0.3896484375 0.095703125 0.3740234375 0.09375 0.36328125 0.1162109375 0.365234375 0.1396484375 0.3720703125 0.150390625
2 0.36328125 0.1103515625 0.375 0.0908203125 0.3681640625 0.064453125 0.353515625 0.0693359375 0.349609375 0.0869140625 0.3515625 0.1064453125
2 0.4140625 0.1337890625 0.421875 0.1123046875 0.419921875 0.0927734375 0.4013671875 0.087890625 0.39453125 0.0947265625 0.396484375 0.1279296875 0.4033203125 0.134765625
2 0.392578125 0.0751953125 0.408203125 0.0732421875 0.3994140625 0.048828125 0.3896484375 0.048828125 0.384765625 0.0556640625 0.384765625 0.0751953125
13 0.935546875 0.6064453125 0.935546875 0.5771484375 0.94140625 0.5634765625 0.94140625 0.4697265625 0.9345703125 0.458984375 0.923828125 0.4775390625 0.927734375 0.4912109375 0.921875 0.4990234375 0.919921875 0.5244140625 0.9296875 0.5458984375 0.923828125 0.5537109375 0.923828125 0.5986328125