2 0.30078125 0.7001953125 0.310546875 0.6669921875 0.341796875 0.6240234375 0.341796875 0.5439453125 0.333984375 0.5244140625 0.3115234375 0.513671875 0.2939453125 0.515625 0.26953125 0.5439453125 0.244140625 0.5869140625 0.24609375 0.6025390625 0.228515625 0.6474609375 0.228515625 0.6728515625 0.2373046875 0.69140625 0.2705078125 0.69140625
2 0.439453125 0.7099609375 0.462890625 0.6298828125 0.46484375 0.5732421875 0.4482421875 0.54296875 0.4189453125 0.541015625 0.40234375 0.5673828125 0.39453125 0.6005859375 0.384765625 0.6103515625 0.388671875 0.6240234375 0.37890625 0.6435546875 0.375 0.6923828125 0.3818359375 0.701171875
2 0.498046875 0.4072265625 0.4951171875 0.380859375 0.46484375 0.3818359375 0.4609375 0.4013671875 0.4658203125 0.408203125
2 0.400390625 0.4482421875 0.41796875 0.4052734375 0.41796875 0.3486328125 0.4072265625 0.326171875 0.3857421875 0.32421875 0.359375 0.3720703125 0.35546875 0.4404296875 0.3681640625 0.447265625
2 0.484375 0.3212890625 0.48828125 0.2939453125 0.48046875 0.2548828125 0.4755859375 0.244140625 0.4541015625 0.240234375 0.4453125 0.2529296875 0.44140625 0.2958984375 0.4521484375 0.318359375
2 0.404296875 0.2841796875 0.400390625 0.2197265625 0.3896484375 0.20703125 0.3701171875 0.20703125 0.36328125 0.2451171875 0.3671875 0.2783203125
2 0.443359375 0.2412109375 0.443359375 0.2021484375 0.435546875 0.1845703125 0.4306640625 0.177734375 0.4130859375 0.177734375 0.404296875 0.2080078125 0.41015625 0.2392578125
2 0.40234375 0.1728515625 0.400390625 0.1240234375 0.3916015625 0.11328125 0.3798828125 0.11328125 0.373046875 0.1259765625 0.37109375 0.1630859375 0.3818359375 0.171875
2 0.373046875 0.1025390625 0.373046875 0.0693359375 0.3564453125 0.060546875 0.349609375 0.0673828125 0.34765625 0.0947265625 0.3564453125 0.103515625
2 0.501953125 0.4619140625 0.505859375 0.3955078125 0.498046875 0.3642578125 0.4892578125 0.353515625 0.4697265625 0.3515625 0.458984375 0.3642578125 0.458984375 0.3876953125 0.453125 0.3955078125 0.453125 0.4541015625 0.4599609375 0.4609375
13 0.935546875 0.6083984375 0.943359375 0.5419921875 0.943359375 0.4716796875 0.9345703125 0.458984375 0.923828125 0.4775390625 0.92578125 0.5126953125 0.919921875 0.5244140625 0.927734375 0.5439453125 0.921875 0.5966796875 0.9306640625 0.609375