2 0.32421875 0.7392578125 0.33984375 0.7314453125 0.392578125 0.6494140625 0.396484375 0.5791015625 0.3896484375 0.568359375 0.3720703125 0.560546875 0.3505859375 0.55859375 0.326171875 0.5693359375 0.2890625 0.6259765625 0.2890625 0.6396484375 0.275390625 0.6669921875 0.2734375 0.7216796875 0.2998046875 0.73828125
6 0.009765625 0.8076171875 0.0693359375 0.759765625 0.0849609375 0.759765625 0.103515625 0.7197265625 0.095703125 0.6396484375 0.087890625 0.6220703125 0.0654296875 0.6015625 0.0458984375 0.60546875 0 0.6435546875 0 0.8076171875
2 0.548828125 0.5615234375 0.55859375 0.5107421875 0.55859375 0.4462890625 0.5458984375 0.42578125 0.5244140625 0.423828125 0.515625 0.4306640625 0.505859375 0.4755859375 0.498046875 0.4814453125 0.501953125 0.4912109375 0.494140625 0.5498046875 0.4990234375 0.5546875 0.5185546875 0.55078125 0.5283203125 0.55859375
6 0.46484375 0.4404296875 0.47265625 0.3818359375 0.46875 0.3056640625 0.4384765625 0.30078125 0.4296875 0.3173828125 0.421875 0.4287109375 0.4267578125 0.439453125
2 0.416015625 0.3564453125 0.419921875 0.3193359375 0.4140625 0.2744140625 0.4111328125 0.26953125 0.3896484375 0.267578125 0.380859375 0.2822265625 0.373046875 0.3505859375 0.3857421875 0.357421875
2 0.37890625 0.2373046875 0.384765625 0.2333984375 0.380859375 0.1806640625 0.3759765625 0.171875 0.3603515625 0.16796875 0.34765625 0.1826171875 0.349609375 0.2275390625 0.3583984375 0.236328125
2 0.427734375 0.2216796875 0.431640625 0.1904296875 0.423828125 0.1591796875 0.4169921875 0.1484375 0.3994140625 0.146484375 0.388671875 0.1689453125 0.390625 0.2041015625 0.4033203125 0.22265625
2 0.35546875 0.1669921875 0.361328125 0.1630859375 0.359375 0.1201171875 0.3427734375 0.10546875 0.33203125 0.1142578125 0.33203125 0.1630859375
2 0.380859375 0.1162109375 0.380859375 0.0791015625 0.3642578125 0.072265625 0.35546875 0.0830078125 0.353515625 0.1064453125 0.3603515625 0.1171875
2 0.32421875 0.1083984375 0.3291015625 0.095703125 0.3330078125 0.10546875 0.33984375 0.1025390625 0.3349609375 0.07421875 0.3291015625 0.083984375 0.3193359375 0.080078125 0.314453125 0.0849609375 0.314453125 0.1025390625
2 0.31640625 0.0810546875 0.326171875 0.0712890625 0.328125 0.0517578125 0.3212890625 0.041015625 0.30859375 0.0478515625 0.306640625 0.0771484375
13 0.935546875 0.6083984375 0.935546875 0.5771484375 0.94140625 0.5634765625 0.94140625 0.4697265625 0.9345703125 0.458984375 0.923828125 0.4775390625 0.92578125 0.5126953125 0.919921875 0.5244140625 0.92578125 0.5361328125 0.921875 0.5966796875
2 0.19140625 0.1298828125 0.19921875 0.1240234375 0.203125 0.0927734375 0.1962890625 0.08203125 0.1845703125 0.08203125 0.173828125 0.1142578125 0.1806640625 0.130859375
2 0.365234375 0.0380859375 0.369140625 0.0166015625 0.3564453125 0.00390625 0.349609375 0.0087890625 0.34765625 0.0302734375 0.3525390625 0.037109375