2 0.369140625 0.8603515625 0.3896484375 0.8515625 0.39453125 0.8427734375 0.3984375 0.8037109375 0.427734375 0.7373046875 0.4296875 0.6533203125 0.4228515625 0.638671875 0.4013671875 0.62890625 0.3759765625 0.630859375 0.361328125 0.6435546875 0.3359375 0.7119140625 0.322265625 0.7236328125 0.328125 0.7431640625 0.314453125 0.7822265625 0.314453125 0.8427734375 0.3349609375 0.857421875
2 0.0859375 0.8857421875 0.11328125 0.8408203125 0.1533203125 0.798828125 0.1689453125 0.794921875 0.177734375 0.7802734375 0.171875 0.7158203125 0.154296875 0.6845703125 0.1318359375 0.66796875 0.1083984375 0.677734375 0.076171875 0.7099609375 0.025390625 0.8115234375 0.0234375 0.8544921875 0.029296875 0.8720703125 0.0498046875 0.88671875
2 0.236328125 0.6611328125 0.255859375 0.6533203125 0.259765625 0.6337890625 0.306640625 0.5849609375 0.30859375 0.5341796875 0.29296875 0.5068359375 0.2802734375 0.5 0.2548828125 0.501953125 0.23046875 0.5263671875 0.208984375 0.5576171875 0.189453125 0.6044921875 0.1875 0.6494140625 0.2080078125 0.66015625
2 0.404296875 0.3837890625 0.41015625 0.3720703125 0.41015625 0.3134765625 0.404296875 0.2900390625 0.3818359375 0.283203125 0.373046875 0.2880859375 0.36328125 0.3798828125 0.3720703125 0.384765625
6 0.498046875 0.4384765625 0.50390625 0.4287109375 0.498046875 0.3076171875 0.4853515625 0.30078125 0.4638671875 0.30078125 0.45703125 0.3525390625 0.45703125 0.4326171875 0.4599609375 0.4375 0.4833984375 0.43359375
2 0.474609375 0.2861328125 0.4765625 0.2568359375 0.470703125 0.2294921875 0.4619140625 0.212890625 0.4423828125 0.2109375 0.435546875 0.2158203125 0.431640625 0.2431640625 0.4375 0.2783203125 0.4462890625 0.287109375
2 0.388671875 0.2626953125 0.392578125 0.2275390625 0.38671875 0.2001953125 0.3798828125 0.19140625 0.3603515625 0.19140625 0.353515625 0.2001953125 0.35546875 0.2509765625 0.3662109375 0.26171875
2 0.412109375 0.1962890625 0.412109375 0.1474609375 0.4013671875 0.13671875 0.3896484375 0.13671875 0.3828125 0.1591796875 0.384765625 0.1884765625 0.3896484375 0.1953125
2 0.38671875 0.1259765625 0.388671875 0.1025390625 0.3828125 0.0849609375 0.3681640625 0.08203125 0.361328125 0.0986328125 0.361328125 0.1220703125
2 0.345703125 0.1455078125 0.353515625 0.1318359375 0.3515625 0.1123046875 0.34765625 0.0986328125 0.3369140625 0.095703125 0.330078125 0.1025390625 0.330078125 0.1337890625 0.3349609375 0.14453125
2 0.359375 0.0908203125 0.3671875 0.0712890625 0.361328125 0.0517578125 0.3505859375 0.048828125 0.33984375 0.0615234375 0.33984375 0.0849609375 0.3486328125 0.091796875
2 0.326171875 0.0927734375 0.328125 0.0615234375 0.3251953125 0.052734375 0.3173828125 0.052734375 0.30859375 0.0595703125 0.30859375 0.0849609375 0.3134765625 0.09375
2 0.193359375 0.1279296875 0.201171875 0.1201171875 0.201171875 0.0869140625 0.1884765625 0.080078125 0.1796875 0.0888671875 0.17578125 0.1201171875 0.1806640625 0.12890625
13 0.916015625 0.7919921875 0.921875 0.7900390625 0.92578125 0.7685546875 0.921875 0.7177734375 0.9296875 0.6884765625 0.947265625 0.5029296875 0.943359375 0.4736328125 0.9345703125 0.458984375 0.92578125 0.4736328125 0.919921875 0.5185546875 0.921875 0.6396484375 0.91015625 0.7275390625 0.900390625 0.7470703125 0.90234375 0.7919921875
3 0.498046875 0.2353515625 0.498046875 0.1767578125 0.4931640625 0.173828125 0.486328125 0.1865234375 0.486328125 0.2197265625