2 0.255859375 0.4990234375 0.2939453125 0.47265625 0.3154296875 0.46484375 0.3271484375 0.466796875 0.34375 0.4501953125 0.349609375 0.4404296875 0.34765625 0.4169921875 0.3310546875 0.39453125 0.2744140625 0.39453125 0.2265625 0.4462890625 0.220703125 0.4775390625 0.224609375 0.4931640625
2 0.529296875 0.4853515625 0.5634765625 0.484375 0.5703125 0.4755859375 0.56640625 0.4130859375 0.5458984375 0.3671875 0.5244140625 0.3671875 0.51953125 0.3720703125 0.51171875 0.4072265625 0.51171875 0.4755859375 0.5185546875 0.486328125
2 0.470703125 0.3642578125 0.48046875 0.3603515625 0.501953125 0.3271484375 0.498046875 0.2861328125 0.4833984375 0.275390625 0.4677734375 0.275390625 0.45703125 0.2822265625 0.439453125 0.3251953125 0.44140625 0.3623046875
2 0.59375 0.3544921875 0.6162109375 0.353515625 0.626953125 0.3330078125 0.623046875 0.2783203125 0.6083984375 0.259765625 0.58984375 0.2626953125 0.580078125 0.2919921875 0.578125 0.3427734375 0.5869140625 0.35546875
2 0.55859375 0.2666015625 0.5791015625 0.265625 0.58984375 0.2529296875 0.591796875 0.2138671875 0.5830078125 0.193359375 0.5693359375 0.193359375 0.55859375 0.2041015625 0.55078125 0.2314453125 0.55078125 0.2607421875
2 0.63671875 0.2568359375 0.650390625 0.2353515625 0.650390625 0.2001953125 0.6416015625 0.1796875 0.6240234375 0.177734375 0.609375 0.2060546875 0.60546875 0.2470703125 0.6103515625 0.2578125
2 0.626953125 0.1650390625 0.6328125 0.1396484375 0.626953125 0.1201171875 0.6123046875 0.115234375 0.6015625 0.1240234375 0.59765625 0.1611328125 0.6025390625 0.166015625
2 0.658203125 0.1806640625 0.66796875 0.1689453125 0.666015625 0.1240234375 0.6591796875 0.115234375 0.654296875 0.1181640625 0.658203125 0.1240234375 0.6474609375 0.126953125 0.6328125 0.1494140625 0.634765625 0.1748046875
2 0.689453125 0.5908203125 0.703125 0.5849609375 0.705078125 0.5732421875 0.693359375 0.5185546875 0.697265625 0.5068359375 0.6669921875 0.458984375 0.6318359375 0.455078125 0.615234375 0.4697265625 0.619140625 0.5302734375 0.6494140625 0.591796875
2 0.830078125 0.8857421875 0.8505859375 0.880859375 0.861328125 0.8701171875 0.865234375 0.8544921875 0.86328125 0.8173828125 0.845703125 0.7724609375 0.849609375 0.7587890625 0.841796875 0.7548828125 0.828125 0.7158203125 0.8046875 0.6748046875 0.7685546875 0.67578125 0.751953125 0.6884765625 0.7421875 0.7080078125 0.740234375 0.7685546875 0.783203125 0.8466796875 0.7890625 0.8759765625 0.8095703125 0.88671875
13 0.0703125 0.6083984375 0.078125 0.5966796875 0.072265625 0.5439453125 0.080078125 0.5185546875 0.07421875 0.5126953125 0.076171875 0.4775390625 0.0654296875 0.4609375 0.056640625 0.4716796875 0.056640625 0.5439453125 0.064453125 0.6083984375
8 0.537109375 0.3349609375 0.541015625 0.2705078125 0.5341796875 0.2578125 0.525390625 0.2783203125 0.525390625 0.3251953125 0.5302734375 0.3359375
8 0.56640625 0.3759765625 0.56640625 0.3056640625 0.5556640625 0.2890625 0.546875 0.3447265625 0.552734375 0.3740234375
2 0.634765625 0.1103515625 0.6484375 0.1044921875 0.6484375 0.0810546875 0.6396484375 0.06640625 0.6318359375 0.06640625 0.619140625 0.0830078125 0.62109375 0.1083984375
2 0.607421875 0.1123046875 0.6171875 0.1025390625 0.615234375 0.0771484375 0.6103515625 0.06640625 0.5986328125 0.06640625 0.58984375 0.0810546875 0.587890625 0.1083984375
2 0.66796875 0.1103515625 0.669921875 0.0869140625 0.6650390625 0.076171875 0.66015625 0.1064453125
2 0.681640625 0.1123046875 0.689453125 0.1064453125 0.689453125 0.0908203125 0.68359375 0.0712890625 0.6767578125 0.068359375 0.671875 0.1083984375
2 0.66015625 0.0791015625 0.66015625 0.0478515625 0.6455078125 0.0390625 0.638671875 0.0478515625 0.638671875 0.0654296875 0.6494140625 0.080078125
2 0.76171875 0.1220703125 0.7763671875 0.12109375 0.779296875 0.1142578125 0.77734375 0.0888671875 0.7685546875 0.080078125 0.7587890625 0.080078125 0.751953125 0.0908203125 0.751953125 0.1142578125
2 0.818359375 0.1279296875 0.82421875 0.1181640625 0.822265625 0.0947265625 0.8134765625 0.08203125 0.8056640625 0.08203125 0.796875 0.0927734375 0.798828125 0.1201171875