9 0.423828125 0.4599609375 0.431640625 0.3740234375 0.427734375 0.3505859375 0.4130859375 0.328125 0.41015625 0.4599609375
9 0.47265625 0.5341796875 0.4873046875 0.48046875 0.498046875 0.4990234375 0.498046875 0.5205078125 0.509765625 0.5166015625 0.498046875 0.4814453125 0.494140625 0.4248046875 0.4833984375 0.40625 0.474609375 0.4111328125 0.4765625 0.4736328125 0.462890625 0.5283203125 0.4658203125 0.53515625
0 0.25 0.7900390625 0.267578125 0.7666015625 0.2744140625 0.732421875 0.2880859375 0.740234375 0.2978515625 0.736328125 0.3076171875 0.744140625 0.328125 0.7333984375 0.333984375 0.6904296875 0.3173828125 0.671875 0.2998046875 0.673828125 0.29296875 0.7060546875 0.2841796875 0.712890625 0.2646484375 0.712890625 0.2578125 0.7314453125 0.244140625 0.7451171875 0.23828125 0.7841796875 0.2431640625 0.791015625
0 0.576171875 0.9228515625 0.595703125 0.9072265625 0.607421875 0.8740234375 0.6220703125 0.86328125 0.7001953125 0.818359375 0.7275390625 0.830078125 0.744140625 0.8115234375 0.75 0.7744140625 0.7578125 0.7646484375 0.7578125 0.7255859375 0.740234375 0.6748046875 0.7080078125 0.642578125 0.6181640625 0.646484375 0.5322265625 0.6953125 0.51953125 0.7060546875 0.5078125 0.7294921875 0.49609375 0.7861328125 0.5 0.8408203125 0.515625 0.8525390625 0.53125 0.8916015625 0.5419921875 0.8984375 0.5576171875 0.8984375 0.560546875 0.9111328125
2 0.576171875 0.9208984375 0.599609375 0.9013671875 0.6083984375 0.87109375 0.7021484375 0.81640625 0.7138671875 0.828125 0.7275390625 0.830078125 0.744140625 0.8076171875 0.748046875 0.7802734375 0.7578125 0.7626953125 0.755859375 0.7177734375 0.75 0.7138671875 0.73828125 0.6728515625 0.7060546875 0.642578125 0.6181640625 0.646484375 0.5302734375 0.6953125 0.5078125 0.7275390625 0.501953125 0.7744140625 0.494140625 0.7900390625 0.5 0.8408203125 0.517578125 0.8544921875 0.529296875 0.8876953125 0.5419921875 0.8984375 0.5576171875 0.896484375 0.560546875 0.9091796875
2 0.408203125 0.2646484375 0.4404296875 0.25390625 0.453125 0.2412109375 0.455078125 0.1962890625 0.41015625 0.0751953125 0.3974609375 0.0625 0.3720703125 0.064453125 0.3486328125 0.078125 0.341796875 0.0908203125 0.34375 0.1298828125 0.353515625 0.1708984375 0.37890625 0.2177734375 0.380859375 0.2509765625 0.3916015625 0.263671875
2 0.513671875 0.1357421875 0.55078125 0.1181640625 0.55078125 0.0537109375 0.537109375 0.0009765625 0.4462890625 0 0.439453125 0.0185546875 0.44921875 0.0615234375 0.46875 0.0888671875 0.4765625 0.1259765625 0.4931640625 0.13671875
2 0.65625 0.1728515625 0.6845703125 0.16796875 0.697265625 0.1533203125 0.6953125 0.1064453125 0.68359375 0.0751953125 0.68359375 0.0556640625 0.66796875 0.0263671875 0.65625 0.0185546875 0.66015625 0.0107421875 0.6513671875 0 0.5869140625 0 0.576171875 0.0283203125 0.58203125 0.0830078125 0.6171875 0.1357421875 0.626953125 0.1611328125 0.6357421875 0.169921875
9 0.337890625 0.0986328125 0.349609375 0.0751953125 0.353515625 0.0224609375 0.3515625 0.0126953125 0.3388671875 0.00390625 0.330078125 0.0107421875 0.32421875 0.0322265625 0.328125 0.0947265625
9 0.125 0.5341796875 0.130859375 0.5263671875 0.1318359375 0.48046875 0.1494140625 0.51171875 0.16015625 0.5029296875 0.140625 0.4736328125 0.13671875 0.4306640625 0.1181640625 0.37890625 0.107421875 0.4189453125 0.119140625 0.4677734375 0.119140625 0.5322265625
11 0.19921875 0.6611328125 0.21484375 0.6455078125 0.21484375 0.6240234375 0.2060546875 0.61328125 0.1962890625 0.61328125 0.18359375 0.6279296875 0.185546875 0.6552734375
13 0.064453125 0.7548828125 0.072265625 0.7509765625 0.068359375 0.7080078125 0.0537109375 0.69140625 0.046875 0.7099609375 0.05078125 0.7529296875