2 0.291015625 0.6181640625 0.318359375 0.6005859375 0.322265625 0.5556640625 0.35546875 0.4853515625 0.376953125 0.4658203125 0.380859375 0.3681640625 0.3701171875 0.353515625 0.3447265625 0.33984375 0.3212890625 0.33984375 0.296875 0.3642578125 0.26171875 0.4365234375 0.224609375 0.5478515625 0.23046875 0.5927734375 0.2568359375 0.61328125
2 0.0234375 0.7724609375 0.0625 0.7470703125 0.07421875 0.7041015625 0.11328125 0.6318359375 0.130859375 0.6005859375 0.1455078125 0.59375 0.16015625 0.5712890625 0.169921875 0.5126953125 0.162109375 0.4619140625 0.1494140625 0.44140625 0.1220703125 0.42578125 0.0966796875 0.42578125 0.052734375 0.4599609375 0 0.5517578125 0 0.7705078125
2 0.640625 0.1181640625 0.6513671875 0.115234375 0.658203125 0.1044921875 0.6728515625 0 0.6162109375 0 0.6015625 0.0419921875 0.599609375 0.1005859375 0.6279296875 0.1171875
2 0.54296875 0.0556640625 0.552734375 0.0478515625 0.568359375 0.0009765625 0.4931640625 0 0.494140625 0.0419921875 0.5146484375 0.0546875
2 0.671875 0.7724609375 0.6796875 0.7158203125 0.6748046875 0.69921875 0.66015625 0.7080078125 0.650390625 0.7431640625 0.65234375 0.7666015625
9 0.7890625 0.5205078125 0.7890625 0.4638671875 0.8046875 0.4228515625 0.7939453125 0.3671875 0.787109375 0.3701171875 0.787109375 0.3837890625 0.775390625 0.4052734375 0.779296875 0.4404296875 0.771484375 0.4794921875 0.7734375 0.4892578125 0.78125 0.4892578125 0.779296875 0.5126953125
9 0.04296875 0.1806640625 0.048828125 0.0830078125 0.03515625 0.0517578125 0.0283203125 0.048828125 0.0234375 0.0537109375 0.033203125 0.1767578125
13 0.94921875 0.7548828125 0.953125 0.7119140625 0.9423828125 0.69140625 0.931640625 0.7080078125 0.927734375 0.7509765625
0 0.7578125 0.7900390625 0.763671875 0.7724609375 0.75390625 0.7392578125 0.7333984375 0.70703125 0.7216796875 0.705078125 0.7158203125 0.7109375 0.705078125 0.7021484375 0.70703125 0.6806640625 0.6962890625 0.669921875 0.69140625 0.6748046875 0.689453125 0.7373046875 0.7138671875 0.74609375 0.7236328125 0.7421875 0.73828125 0.7802734375 0.7470703125 0.7890625
9 0.46875 0.9990234375 0.482421875 0.9580078125 0.486328125 0.9130859375 0.48046875 0.8935546875 0.4580078125 0.87890625 0.447265625 0.8994140625 0.451171875 0.9326171875 0.4453125 0.9794921875 0.4521484375 1
13 0.6953125 0.3193359375 0.712890625 0.2861328125 0.7109375 0.1806640625 0.7197265625 0 0.7109375 0.0068359375 0.701171875 0.1728515625 0.689453125 0.2119140625 0.6875 0.2919921875
13 0.712890625 0.3701171875 0.716796875 0.3212890625 0.7021484375 0.3125 0.6953125 0.3232421875 0.6953125 0.3564453125 0.7001953125 0.3671875
13 0.103515625 0.1572265625 0.107421875 0.1181640625 0.0947265625 0.107421875 0.08984375 0.1103515625 0.09375 0.1494140625 0.0966796875 0.158203125
8 0.646484375 0.7919921875 0.66796875 0.7861328125 0.677734375 0.7568359375 0.6796875 0.7080078125 0.6669921875 0.677734375 0.658203125 0.6826171875 0.650390625 0.7646484375 0.634765625 0.7802734375 0.634765625 0.7880859375