2 0.0234375 0.7724609375 0.06640625 0.7412109375 0.07421875 0.7041015625 0.091796875 0.6708984375 0.130859375 0.6005859375 0.1484375 0.5908203125 0.16015625 0.5693359375 0.169921875 0.5146484375 0.1640625 0.4677734375 0.1513671875 0.443359375 0.1201171875 0.42578125 0.0986328125 0.42578125 0.05859375 0.4541015625 0.017578125 0.5146484375 0 0.5537109375 0 0.7705078125
2 0.283203125 0.6181640625 0.31640625 0.6025390625 0.322265625 0.5576171875 0.3515625 0.4931640625 0.373046875 0.4716796875 0.376953125 0.4599609375 0.3828125 0.4091796875 0.37890625 0.3623046875 0.3349609375 0.337890625 0.3212890625 0.33984375 0.3056640625 0.3515625 0.29296875 0.3701171875 0.26171875 0.4345703125 0.224609375 0.5478515625 0.228515625 0.5908203125 0.2451171875 0.607421875
7 0.65625 0.8271484375 0.6748046875 0.755859375 0.6650390625 0.76953125 0.6513671875 0.759765625 0.630859375 0.7822265625 0.630859375 0.7939453125
8 0.671875 0.7744140625 0.677734375 0.7568359375 0.6748046875 0.69921875 0.66015625 0.7099609375 0.650390625 0.7451171875 0.65234375 0.7646484375
9 0.470703125 0.9990234375 0.48828125 0.9169921875 0.48046875 0.8935546875 0.4580078125 0.87890625 0.447265625 0.9052734375 0.451171875 0.9365234375 0.4453125 0.9833984375 0.4501953125 1
13 0.9453125 0.7568359375 0.953125 0.7119140625 0.9423828125 0.69140625 0.931640625 0.7080078125 0.927734375 0.7509765625
9 0.7890625 0.5205078125 0.7890625 0.4619140625 0.802734375 0.4267578125 0.802734375 0.3974609375 0.7939453125 0.3671875 0.77734375 0.3994140625 0.779296875 0.4423828125 0.7734375 0.4794921875 0.7734375 0.4873046875 0.78125 0.4892578125 0.779296875 0.5126953125
9 0.04296875 0.1826171875 0.04296875 0.1748046875 0.05078125 0.1708984375 0.044921875 0.1416015625 0.05078125 0.0810546875 0.037109375 0.0537109375 0.0283203125 0.048828125 0.0234375 0.0830078125 0.033203125 0.1376953125 0.033203125 0.1787109375
2 0.541015625 0.0556640625 0.55078125 0.0498046875 0.564453125 0.0009765625 0.4951171875 0 0.494140625 0.0419921875 0.5166015625 0.0546875
2 0.646484375 0.1181640625 0.658203125 0.1044921875 0.673828125 0.0009765625 0.6162109375 0 0.599609375 0.0498046875 0.59765625 0.0966796875 0.6279296875 0.1171875
0 0.7578125 0.7900390625 0.763671875 0.7724609375 0.75390625 0.7392578125 0.744140625 0.7314453125 0.7353515625 0.70703125 0.7158203125 0.70703125 0.705078125 0.7001953125 0.70703125 0.6787109375 0.6943359375 0.671875 0.689453125 0.7373046875 0.7119140625 0.74609375 0.7255859375 0.7421875 0.73828125 0.7802734375 0.7470703125 0.7890625