2 0.451171875 0.2065972222222222 0.453125 0.1996527777777778 0.453125 0.14756944444444445 0.455078125 0.1440972222222222 0.44921875 0.1371527777777778 0.447265625 0.1267361111111111 0.4423828125 0.11805555555555555 0.4130859375 0.11805555555555555 0.408203125 0.1232638888888889 0.4052734375 0.1388888888888889 0.3984375 0.140625 0.400390625 0.15104166666666666 0.3984375 0.203125 0.4013671875 0.20833333333333334 0.4072265625 0.2048611111111111
2 0.451171875 0.10243055555555555 0.453125 0.09895833333333333 0.453125 0.0642361111111111 0.455078125 0.06076388888888889 0.451171875 0.050347222222222224 0.451171875 0.043402777777777776 0.4462890625 0.034722222222222224 0.4248046875 0.034722222222222224 0.419921875 0.050347222222222224 0.4140625 0.057291666666666664 0.416015625 0.0642361111111111 0.416015625 0.08854166666666667 0.4140625 0.0920138888888889 0.416015625 0.09895833333333333 0.4384765625 0.10069444444444445 0.4404296875 0.09722222222222222 0.4462890625 0.10416666666666667
2 0.3203125 0.036458333333333336 0.3212890625 0.03125 0.3291015625 0.03125 0.33203125 0.026041666666666668 0.3310546875 0 0.2958984375 0 0.2890625 0.015625 0.2890625 0.029513888888888888 0.2919921875 0.03819444444444445 0.2998046875 0.03819444444444445 0.3017578125 0.034722222222222224
2 0.953125 0.07118055555555555 0.962890625 0.05381944444444445 0.962890625 0.043402777777777776 0.9443359375 0.013888888888888888 0.9248046875 0.013888888888888888 0.90234375 0.036458333333333336 0.9033203125 0.052083333333333336 0.9130859375 0.052083333333333336 0.9208984375 0.059027777777777776 0.9365234375 0.0625 0.9501953125 0.07291666666666667
9 0.97265625 0.05381944444444445 0.9755859375 0.04513888888888889 0.9794921875 0.04513888888888889 0.982421875 0.03993055555555555 0.982421875 0.008680555555555556 0.9794921875 0.003472222222222222 0.974609375 0.008680555555555556 0.974609375 0.019097222222222224 0.97265625 0.022569444444444444 0.97265625 0.03993055555555555 0.970703125 0.043402777777777776 0.970703125 0.05381944444444445
9 0.994140625 0.057291666666666664 0.99609375 0.05381944444444445 0.99609375 0.029513888888888888 0.998046875 0.019097222222222224 0.994140625 0.005208333333333333 0.9912109375 0.003472222222222222 0.984375 0.022569444444444444 0.982421875 0.05381944444444445 0.9892578125 0.059027777777777776
2 0.408203125 0.2065972222222222 0.451171875 0.203125 0.453125 0.19618055555555555 0.453125 0.15104166666666666 0.455078125 0.1440972222222222 0.447265625 0.13368055555555555 0.447265625 0.1267361111111111 0.4423828125 0.11805555555555555 0.4345703125 0.11805555555555555 0.4326171875 0.11458333333333333 0.4267578125 0.11805555555555555 0.4130859375 0.11805555555555555 0.408203125 0.1232638888888889 0.4052734375 0.1388888888888889 0.3994140625 0.1388888888888889 0.396484375 0.1440972222222222 0.400390625 0.15104166666666666 0.400390625 0.16145833333333334 0.3984375 0.16493055555555555 0.3984375 0.203125 0.4013671875 0.20833333333333334
2 0.451171875 0.10243055555555555 0.453125 0.09895833333333333 0.453125 0.0642361111111111 0.455078125 0.06076388888888889 0.451171875 0.05381944444444445 0.44921875 0.03993055555555555 0.4443359375 0.034722222222222224 0.4248046875 0.034722222222222224 0.419921875 0.050347222222222224 0.4140625 0.057291666666666664 0.416015625 0.06770833333333333 0.4140625 0.0954861111111111 0.4169921875 0.10069444444444445 0.4423828125 0.09722222222222222 0.4482421875 0.10416666666666667
2 0.3203125 0.036458333333333336 0.3212890625 0.03125 0.3291015625 0.03125 0.33203125 0.026041666666666668 0.3310546875 0 0.2958984375 0 0.2890625 0.015625 0.2890625 0.029513888888888888 0.2919921875 0.03819444444444445 0.2978515625 0.03819444444444445 0.2998046875 0.034722222222222224
2 0.380859375 0.029513888888888888 0.38671875 0.015625 0.3837890625 0 0.357421875 0.001736111111111111 0.35546875 0.012152777777777778 0.3564453125 0.03125
2 0.953125 0.07118055555555555 0.962890625 0.05381944444444445 0.962890625 0.03993055555555555 0.9482421875 0.017361111111111112 0.9423828125 0.013888888888888888 0.9248046875 0.013888888888888888 0.90234375 0.03298611111111111 0.9033203125 0.052083333333333336 0.9130859375 0.052083333333333336 0.9208984375 0.059027777777777776 0.9384765625 0.0625 0.953125 0.07118055555555555