2 0.08203125 0.4739583333333333 0.1044921875 0.46875 0.1064453125 0.4652777777777778 0.1220703125 0.4652777777777778 0.1240234375 0.46875 0.1298828125 0.4652777777777778 0.134765625 0.453125 0.134765625 0.4322916666666667 0.1474609375 0.4131944444444444 0.1513671875 0.4027777777777778 0.1611328125 0.3888888888888889 0.17578125 0.3871527777777778 0.177734375 0.3802083333333333 0.17578125 0.3732638888888889 0.177734375 0.3663194444444444 0.177734375 0.3177083333333333 0.173828125 0.296875 0.1669921875 0.2847222222222222 0.1630859375 0.28125 0.1533203125 0.28125 0.1455078125 0.2743055555555556 0.1357421875 0.2743055555555556 0.1337890625 0.2708333333333333 0.1025390625 0.2708333333333333 0.1005859375 0.2743055555555556 0.0888671875 0.2743055555555556 0.0869140625 0.2777777777777778 0.0810546875 0.2777777777777778 0.0654296875 0.2951388888888889 0.0458984375 0.3368055555555556 0.033203125 0.3420138888888889 0.033203125 0.3489583333333333 0.037109375 0.359375 0.029296875 0.3836805555555556 0.021484375 0.3940972222222222 0.017578125 0.4079861111111111 0.017578125 0.453125 0.01953125 0.4600694444444444 0.0244140625 0.46875 0.0380859375 0.4722222222222222 0.0400390625 0.4756944444444444
2 0.400390625 0.9982638888888888 0.412109375 0.9947916666666666 0.41015625 0.9913194444444444 0.41015625 0.9739583333333334 0.412109375 0.9704861111111112 0.41015625 0.9600694444444444 0.4140625 0.9461805555555556 0.412109375 0.8246527777777778 0.40625 0.7934027777777778 0.404296875 0.7621527777777778 0.3974609375 0.75 0.3798828125 0.7326388888888888 0.3056640625 0.7326388888888888 0.2939453125 0.7395833333333334 0.2880859375 0.75 0.2841796875 0.75 0.2734375 0.7690972222222222 0.2734375 0.7760416666666666 0.26171875 0.8003472222222222 0.25 0.8385416666666666 0.248046875 0.8628472222222222 0.236328125 0.9045138888888888 0.234375 0.921875 0.22265625 0.9600694444444444 0.220703125 0.9704861111111112 0.22265625 0.9774305555555556 0.21875 0.9878472222222222 0.21875 0.9947916666666666 0.2216796875 1
2 0.447265625 0.16493055555555555 0.451171875 0.109375 0.447265625 0.10243055555555555 0.443359375 0.08159722222222222 0.4384765625 0.0763888888888889 0.4326171875 0.0763888888888889 0.4287109375 0.06944444444444445 0.4208984375 0.0763888888888889 0.4130859375 0.0763888888888889 0.408203125 0.08506944444444445 0.40625 0.09895833333333333 0.400390625 0.109375 0.40234375 0.16145833333333334 0.4052734375 0.16666666666666666 0.4072265625 0.16319444444444445
2 0.798828125 0.08159722222222222 0.80078125 0.07465277777777778 0.798828125 0.043402777777777776 0.7880859375 0.027777777777777776 0.7646484375 0.024305555555555556 0.7529296875 0.034722222222222224 0.748046875 0.046875 0.748046875 0.06770833333333333 0.7587890625 0.06944444444444445 0.7626953125 0.0798611111111111 0.7685546875 0.0798611111111111 0.7705078125 0.0763888888888889 0.7900390625 0.0763888888888889 0.7939453125 0.08333333333333333
7 0.166015625 0.19270833333333334 0.1689453125 0.17708333333333334 0.1708984375 0.17708333333333334 0.1728515625 0.1840277777777778 0.177734375 0.18229166666666666 0.1796875 0.16145833333333334 0.17578125 0.14756944444444445 0.17578125 0.1371527777777778 0.1630859375 0.1284722222222222 0.158203125 0.1371527777777778 0.158203125 0.1892361111111111 0.1611328125 0.19444444444444445
7 0.220703125 0.1892361111111111 0.220703125 0.18229166666666666 0.2236328125 0.17708333333333334 0.23046875 0.1753472222222222 0.23046875 0.16145833333333334 0.2265625 0.140625 0.2216796875 0.13194444444444445 0.2138671875 0.13194444444444445 0.2109375 0.1371527777777778 0.2109375 0.16493055555555555 0.21484375 0.1857638888888889 0.2177734375 0.1909722222222222
8 0.228515625 0.171875 0.23046875 0.1684027777777778 0.23046875 0.140625 0.234375 0.13368055555555555 0.234375 0.11284722222222222 0.2314453125 0.10416666666666667 0.22265625 0.0954861111111111 0.2216796875 0.08680555555555555 0.2158203125 0.08680555555555555 0.21484375 0.10243055555555555 0.20703125 0.11631944444444445 0.20703125 0.1232638888888889 0.2138671875 0.13194444444444445 0.2216796875 0.13194444444444445 0.2265625 0.1371527777777778 0.2265625 0.171875
8 0.1640625 0.19270833333333334 0.1689453125 0.17708333333333334 0.1767578125 0.1840277777777778 0.1796875 0.1753472222222222 0.1796875 0.1579861111111111 0.177734375 0.15104166666666666 0.181640625 0.13368055555555555 0.181640625 0.11979166666666667 0.1708984375 0.09375 0.1669921875 0.09375 0.1640625 0.09895833333333333 0.1640625 0.10590277777777778 0.15625 0.1232638888888889 0.15625 0.13368055555555555 0.16015625 0.15104166666666666 0.158203125 0.1857638888888889 0.1611328125 0.19444444444444445
2 0.3203125 0.1267361111111111 0.322265625 0.11979166666666667 0.3173828125 0.1111111111111111 0.3046875 0.11284722222222222 0.3056640625 0.11805555555555555
2 0.287109375 0.09895833333333333 0.2919921875 0.08680555555555555 0.3232421875 0.09027777777777778 0.326171875 0.08506944444444445 0.326171875 0.043402777777777776 0.3193359375 0.027777777777777776 0.2939453125 0.027777777777777776 0.27734375 0.05381944444444445 0.27734375 0.06076388888888889 0.2734375 0.07118055555555555 0.2734375 0.0954861111111111 0.2763671875 0.10069444444444445
12 0.291015625 0.13368055555555555 0.291015625 0.1267361111111111 0.2939453125 0.12152777777777778 0.3154296875 0.125 0.31640625 0.13020833333333334 0.3193359375 0.13194444444444445 0.322265625 0.1267361111111111 0.322265625 0.0954861111111111 0.3173828125 0.08680555555555555 0.2900390625 0.08680555555555555 0.28515625 0.09895833333333333 0.28515625 0.11631944444444445 0.287109375 0.11979166666666667 0.287109375 0.13368055555555555
8 0.349609375 0.05381944444444445 0.353515625 0.03993055555555555 0.353515625 0.008680555555555556 0.3505859375 0 0.3447265625 0 0.33984375 0.012152777777777778 0.33984375 0.019097222222222224 0.341796875 0.022569444444444444 0.341796875 0.03993055555555555 0.345703125 0.05381944444444445