9 0.58984375 0.5810546875 0.6005859375 0.56640625 0.615234375 0.5595703125 0.61328125 0.5244140625 0.5986328125 0.513671875 0.56640625 0.5224609375 0.568359375 0.5732421875
1 0.474609375 0.5205078125 0.490234375 0.5126953125 0.490234375 0.4541015625 0.4521484375 0.427734375 0.4345703125 0.427734375 0.423828125 0.4384765625 0.423828125 0.4501953125 0.45703125 0.4794921875 0.4609375 0.5146484375 0.4658203125 0.521484375
1 0.44140625 0.5615234375 0.462890625 0.5419921875 0.458984375 0.4853515625 0.4208984375 0.451171875 0.4013671875 0.44921875 0.392578125 0.4560546875 0.400390625 0.5322265625 0.4306640625 0.5625
2 0.794921875 0.7236328125 0.83203125 0.7138671875 0.83203125 0.6826171875 0.8017578125 0.650390625 0.76171875 0.6728515625 0.763671875 0.7001953125
2 0.736328125 0.6259765625 0.76171875 0.6181640625 0.7578125 0.5791015625 0.7451171875 0.56640625 0.7275390625 0.56640625 0.70703125 0.5830078125 0.708984375 0.6064453125
2 0.6953125 0.9951171875 0.703125 0.9833984375 0.705078125 0.9580078125 0.67578125 0.8876953125 0.6611328125 0.873046875 0.6279296875 0.875 0.615234375 0.8896484375 0.619140625 0.9443359375 0.640625 0.9619140625 0.6591796875 0.9921875
2 0.61328125 0.8857421875 0.630859375 0.8642578125 0.625 0.8232421875 0.6025390625 0.76953125 0.5712890625 0.771484375 0.5703125 0.8017578125 0.58203125 0.8349609375 0.5791015625 0.845703125 0.5703125 0.8447265625 0.578125 0.8564453125 0.572265625 0.8583984375 0.576171875 0.8798828125 0.5869140625 0.876953125 0.5966796875 0.884765625
2 0.40625 0.7744140625 0.4375 0.7529296875 0.4306640625 0.736328125 0.40625 0.7470703125
2 0.435546875 0.8564453125 0.4580078125 0.8515625 0.46484375 0.8388671875 0.4609375 0.8017578125 0.4462890625 0.767578125 0.4248046875 0.779296875 0.404296875 0.8056640625 0.419921875 0.8505859375
2 0.4453125 0.7353515625 0.4677734375 0.732421875 0.47265625 0.7255859375 0.47265625 0.7001953125 0.4521484375 0.65625 0.4365234375 0.658203125 0.423828125 0.6748046875 0.42578125 0.7080078125 0.4375 0.7314453125
2 0.505859375 0.7255859375 0.5234375 0.7177734375 0.525390625 0.6865234375 0.513671875 0.6572265625 0.5068359375 0.650390625 0.4912109375 0.650390625 0.4765625 0.6728515625 0.48046875 0.7001953125 0.49609375 0.7236328125
2 0.349609375 0.7919921875 0.36328125 0.7373046875 0.357421875 0.7236328125 0.3466796875 0.716796875 0.330078125 0.7255859375 0.326171875 0.7646484375 0.333984375 0.7880859375
2 0.39453125 0.9033203125 0.41796875 0.8916015625 0.404296875 0.8525390625 0.3876953125 0.84765625 0.373046875 0.8564453125 0.369140625 0.8759765625 0.375 0.9033203125
2 0.271484375 0.7431640625 0.28515625 0.7314453125 0.28125 0.6923828125 0.2724609375 0.673828125 0.2548828125 0.673828125 0.248046875 0.6884765625 0.25 0.7255859375 0.2568359375 0.736328125
2 0.357421875 0.6572265625 0.375 0.6513671875 0.375 0.6240234375 0.36328125 0.5947265625 0.3466796875 0.58984375 0.337890625 0.6103515625 0.337890625 0.6435546875 0.3447265625 0.654296875
2 0.2734375 0.8291015625 0.30078125 0.8095703125 0.298828125 0.7744140625 0.2861328125 0.74609375 0.265625 0.7509765625 0.265625 0.8134765625 0.2734375 0.8291015625