8 0.458984375 0.9404296875 0.462890625 0.8896484375 0.45703125 0.8681640625 0.4501953125 0.8671875 0.4453125 0.8720703125 0.44921875 0.9267578125 0.451171875 0.9365234375
2 0.748046875 0.6669921875 0.75390625 0.6533203125 0.751953125 0.6005859375 0.7333984375 0.599609375 0.724609375 0.6435546875 0.7265625 0.6630859375
2 0.4765625 0.5439453125 0.48046875 0.5029296875 0.4755859375 0.494140625 0.4638671875 0.494140625 0.4453125 0.5087890625 0.462890625 0.5439453125
2 0.498046875 0.5341796875 0.49609375 0.5009765625 0.4892578125 0.490234375 0.4794921875 0.48828125 0.474609375 0.4951171875 0.48046875 0.5048828125 0.48046875 0.5322265625
2 0.521484375 0.5263671875 0.533203125 0.5185546875 0.525390625 0.4892578125 0.5146484375 0.48046875 0.4970703125 0.482421875 0.4921875 0.4912109375 0.5 0.5126953125 0.5146484375 0.52734375
2 0.546875 0.5205078125 0.544921875 0.4794921875 0.5205078125 0.478515625 0.533203125 0.5185546875
2 0.28125 0.7431640625 0.29296875 0.7333984375 0.2890625 0.6982421875 0.279296875 0.6748046875 0.2646484375 0.669921875 0.255859375 0.6767578125 0.255859375 0.7158203125 0.26171875 0.7353515625 0.2724609375 0.744140625
2 0.234375 0.7587890625 0.251953125 0.7509765625 0.25 0.7197265625 0.2421875 0.6904296875 0.2353515625 0.681640625 0.2236328125 0.6796875 0.21484375 0.6845703125 0.208984375 0.7001953125 0.21484375 0.7470703125 0.2216796875 0.759765625
2 0.255859375 0.6748046875 0.2734375 0.6650390625 0.2734375 0.6552734375 0.26171875 0.6201171875 0.2470703125 0.6171875 0.23828125 0.6240234375 0.240234375 0.6650390625 0.2470703125 0.67578125
8 0.37109375 0.6572265625 0.375 0.6220703125 0.3662109375 0.609375 0.3515625 0.6279296875 0.36328125 0.6533203125
11 0.193359375 0.6357421875 0.2216796875 0.623046875 0.2880859375 0.609375 0.29296875 0.6044921875 0.291015625 0.5576171875 0.2744140625 0.552734375 0.1884765625 0.57421875 0.185546875 0.6123046875 0.1875 0.6337890625
11 0.697265625 0.5283203125 0.6962890625 0.478515625 0.6181640625 0.462890625 0.611328125 0.4658203125 0.6123046875 0.513671875
2 0.21875 0.5654296875 0.236328125 0.5556640625 0.236328125 0.5419921875 0.220703125 0.5224609375 0.216796875 0.4931640625 0.2060546875 0.490234375 0.203125 0.5244140625 0.2109375 0.5322265625 0.212890625 0.5634765625
1 0.6953125 0.9248046875 0.7138671875 0.921875 0.720703125 0.9111328125 0.73046875 0.8076171875 0.7421875 0.7529296875 0.744140625 0.7080078125 0.7216796875 0.6953125 0.701171875 0.7001953125 0.666015625 0.8349609375 0.666015625 0.9013671875 0.6884765625 0.92578125
1 0.66796875 0.6298828125 0.689453125 0.6142578125 0.701171875 0.5634765625 0.69921875 0.5322265625 0.6787109375 0.5234375 0.6611328125 0.5234375 0.650390625 0.5478515625 0.650390625 0.6240234375
13 0.361328125 0.7431640625 0.38671875 0.7314453125 0.3837890625 0.71484375 0.35546875 0.7236328125 0.353515625 0.7353515625
13 0.28125 0.7705078125 0.302734375 0.7626953125 0.2978515625 0.744140625 0.26953125 0.7548828125 0.271484375 0.7705078125
13 0.45703125 0.6416015625 0.478515625 0.6279296875 0.48046875 0.6162109375 0.4736328125 0.607421875 0.44921875 0.6220703125 0.44921875 0.6376953125
2 0.427734375 0.5244140625 0.431640625 0.5048828125 0.423828125 0.4775390625 0.4111328125 0.46875 0.4033203125 0.470703125 0.396484375 0.4833984375 0.3984375 0.5126953125 0.4091796875 0.525390625
2 0.244140625 0.3837890625 0.248046875 0.3681640625 0.2353515625 0.35546875 0.23046875 0.3779296875 0.2353515625 0.384765625
2 0.125 0.9228515625 0.1328125 0.9169921875 0.1328125 0.8896484375 0.140625 0.8642578125 0.140625 0.8173828125 0.1279296875 0.798828125 0.1142578125 0.8046875 0.10546875 0.8212890625 0.09375 0.8818359375 0.09375 0.9208984375
2 0.103515625 0.7783203125 0.1220703125 0.7734375 0.126953125 0.7626953125 0.125 0.7275390625 0.1162109375 0.705078125 0.1025390625 0.70703125 0.095703125 0.7236328125 0.09375 0.7783203125
9 0.171875 0.9736328125 0.171875 0.9482421875 0.1611328125 0.94140625 0.158203125 0.9716796875