1 0.666015625 0.5146484375 0.67578125 0.5087890625 0.6796875 0.4541015625 0.646484375 0.4091796875 0.638671875 0.3818359375 0.6337890625 0.376953125 0.6103515625 0.376953125 0.603515625 0.3857421875 0.59765625 0.4443359375 0.623046875 0.4833984375 0.6328125 0.4892578125 0.63671875 0.5048828125 0.6494140625 0.515625
1 0.595703125 0.4248046875 0.6015625 0.3857421875 0.615234375 0.3681640625 0.5712890625 0.30859375 0.5537109375 0.30859375 0.54296875 0.3291015625 0.544921875 0.3720703125 0.576171875 0.4169921875 0.5849609375 0.42578125
1 0.404296875 0.3056640625 0.404296875 0.2490234375 0.380859375 0.2080078125 0.3662109375 0.201171875 0.357421875 0.2353515625 0.359375 0.2724609375 0.3798828125 0.306640625
1 0.423828125 0.2080078125 0.431640625 0.1962890625 0.431640625 0.1591796875 0.4091796875 0.1328125 0.4013671875 0.1328125 0.396484375 0.1376953125 0.396484375 0.1708984375 0.408203125 0.2021484375
11 0.322265625 0.7001953125 0.396484375 0.6923828125 0.3974609375 0.62109375 0.275390625 0.6357421875 0.279296875 0.6962890625 0.2861328125 0.701171875
2 0.58203125 0.7939453125 0.5859375 0.7568359375 0.583984375 0.7314453125 0.576171875 0.7275390625 0.580078125 0.7197265625 0.5693359375 0.703125 0.5439453125 0.69921875 0.533203125 0.7119140625 0.533203125 0.7236328125 0.544921875 0.7666015625 0.5595703125 0.794921875
2 0.626953125 0.7685546875 0.6376953125 0.767578125 0.642578125 0.7568359375 0.638671875 0.7158203125 0.6220703125 0.6875 0.5986328125 0.681640625 0.5859375 0.6982421875 0.5859375 0.7275390625 0.6015625 0.7587890625 0.6123046875 0.767578125
2 0.720703125 0.8173828125 0.73046875 0.8076171875 0.728515625 0.7529296875 0.7060546875 0.716796875 0.6826171875 0.71875 0.66796875 0.7294921875 0.666015625 0.7607421875 0.689453125 0.7958984375 0.69140625 0.8095703125 0.7041015625 0.818359375
2 0.861328125 0.7744140625 0.865234375 0.7080078125 0.8310546875 0.69921875 0.818359375 0.7138671875 0.822265625 0.7353515625 0.849609375 0.7724609375
2 0.51953125 0.9970703125 0.525390625 0.9912109375 0.52734375 0.9599609375 0.51171875 0.9013671875 0.5009765625 0.888671875 0.4814453125 0.888671875 0.474609375 0.8955078125 0.474609375 0.9306640625 0.48828125 0.9912109375 0.5009765625 0.998046875
2 0.69921875 0.9970703125 0.669921875 0.9169921875 0.6484375 0.8935546875 0.642578125 0.8681640625 0.6259765625 0.861328125 0.615234375 0.8701171875 0.61328125 0.8837890625 0.6005859375 0.88671875 0.59765625 0.8935546875 0.61328125 0.9228515625 0.61328125 0.9345703125 0.6201171875 0.943359375 0.6328125 0.9462890625 0.638671875 0.9951171875
2 0.287109375 0.3642578125 0.294921875 0.3505859375 0.291015625 0.3369140625 0.2880859375 0.33203125 0.2724609375 0.33203125 0.267578125 0.3466796875 0.271484375 0.3642578125
2 0.376953125 0.5244140625 0.380859375 0.5029296875 0.375 0.4697265625 0.3642578125 0.4609375 0.3505859375 0.462890625 0.345703125 0.4970703125 0.3515625 0.5166015625 0.3603515625 0.525390625
2 0.515625 0.5205078125 0.517578125 0.4931640625 0.509765625 0.4697265625 0.5029296875 0.46484375 0.4833984375 0.466796875 0.478515625 0.4853515625 0.486328125 0.5107421875 0.4931640625 0.51953125
2 0.4609375 0.4208984375 0.458984375 0.3837890625 0.4482421875 0.375 0.4345703125 0.376953125 0.427734375 0.3837890625 0.431640625 0.4091796875 0.4423828125 0.421875
2 0.35546875 0.3017578125 0.353515625 0.2724609375 0.3466796875 0.26171875 0.3388671875 0.26171875 0.333984375 0.2666015625 0.3359375 0.2978515625 0.3388671875 0.302734375
2 0.466796875 0.3115234375 0.470703125 0.2958984375 0.46484375 0.2724609375 0.4541015625 0.267578125 0.4453125 0.2802734375 0.44921875 0.3076171875
2 0.419921875 0.2998046875 0.42578125 0.2958984375 0.42578125 0.2802734375 0.419921875 0.2646484375 0.4072265625 0.26171875 0.40625 0.2958984375
2 0.5234375 0.3212890625 0.521484375 0.2900390625 0.5166015625 0.283203125 0.5068359375 0.283203125 0.49609375 0.2919921875 0.5 0.3115234375 0.5087890625 0.322265625
2 0.333984375 0.7607421875 0.33984375 0.7568359375 0.337890625 0.7138671875 0.3076171875 0.71484375 0.302734375 0.7216796875 0.306640625 0.7568359375
4 0.56640625 0.5205078125 0.56640625 0.4345703125 0.5361328125 0.396484375 0.5185546875 0.396484375 0.5078125 0.4130859375 0.5078125 0.4599609375 0.51953125 0.4833984375 0.53125 0.4912109375 0.5390625 0.5205078125
2 0.228515625 0.1572265625 0.2275390625 0.142578125 0.212890625 0.1435546875 0.2177734375 0.158203125
2 0.3515625 0.2314453125 0.357421875 0.2255859375 0.353515625 0.1728515625 0.3505859375 0.1640625 0.3388671875 0.16015625 0.33203125 0.1708984375 0.33203125 0.2177734375 0.3388671875 0.23046875
2 0.3828125 0.2001953125 0.3828125 0.1669921875 0.3662109375 0.1640625 0.361328125 0.1728515625 0.36328125 0.1982421875
2 0.328125 0.1884765625 0.328125 0.1669921875 0.3154296875 0.16015625 0.310546875 0.1826171875 0.3154296875 0.189453125
2 0.3515625 0.1533203125 0.35546875 0.1376953125 0.3505859375 0.12890625 0.3408203125 0.126953125 0.333984375 0.1357421875 0.3359375 0.1494140625
2 0.3046875 0.1142578125 0.310546875 0.1103515625 0.30859375 0.0966796875 0.2958984375 0.08984375 0.2890625 0.1005859375 0.291015625 0.1103515625
2 0.302734375 0.0791015625 0.3046875 0.0673828125 0.2939453125 0.05859375 0.291015625 0.0771484375
2 0.23046875 0.0947265625 0.228515625 0.0712890625 0.2197265625 0.068359375 0.216796875 0.0927734375
2 0.205078125 0.0830078125 0.20703125 0.0712890625 0.1982421875 0.060546875 0.19140625 0.0791015625
2 0.236328125 0.1220703125 0.236328125 0.1025390625 0.2275390625 0.09765625 0.22265625 0.1201171875
2 0.255859375 0.1748046875 0.259765625 0.1591796875 0.251953125 0.1455078125 0.2451171875 0.14453125 0.2421875 0.1689453125 0.2470703125 0.17578125
2 0.224609375 0.1611328125 0.232421875 0.1494140625 0.2265625 0.1318359375 0.2158203125 0.12890625 0.2109375 0.1494140625 0.2197265625 0.162109375
2 0.25390625 0.0341796875 0.25390625 0.0146484375 0.2431640625 0.009765625 0.23828125 0.0302734375