1 0.6875 0.9599609375 0.7060546875 0.95703125 0.71484375 0.9423828125 0.734375 0.8173828125 0.740234375 0.7314453125 0.7333984375 0.72265625 0.7119140625 0.71484375 0.6953125 0.7255859375 0.658203125 0.8662109375 0.658203125 0.9306640625 0.662109375 0.9404296875
1 0.6796875 0.5732421875 0.69140625 0.5458984375 0.69140625 0.5302734375 0.6630859375 0.525390625 0.65234375 0.5458984375 0.650390625 0.5654296875
13 0.1953125 0.6318359375 0.2880859375 0.609375 0.29296875 0.6044921875 0.291015625 0.5576171875 0.2724609375 0.552734375 0.1884765625 0.57421875 0.1875 0.6220703125 0.189453125 0.6318359375
13 0.697265625 0.5302734375 0.6962890625 0.478515625 0.611328125 0.4658203125 0.609375 0.5107421875 0.6142578125 0.515625
2 0.283203125 0.7431640625 0.29296875 0.7353515625 0.2890625 0.7021484375 0.279296875 0.6748046875 0.2646484375 0.669921875 0.255859375 0.6767578125 0.255859375 0.7158203125 0.263671875 0.7373046875 0.2705078125 0.744140625
2 0.11328125 0.8037109375 0.12890625 0.7958984375 0.12890625 0.7705078125 0.123046875 0.7177734375 0.1181640625 0.70703125 0.1083984375 0.705078125 0.09765625 0.7138671875 0.08984375 0.7939453125 0.1005859375 0.8046875
2 0.126953125 0.9228515625 0.1328125 0.9169921875 0.142578125 0.8291015625 0.134765625 0.8037109375 0.1201171875 0.798828125 0.103515625 0.8271484375 0.09375 0.8818359375 0.09375 0.9208984375
2 0.25390625 0.6748046875 0.2734375 0.6650390625 0.26953125 0.6396484375 0.2568359375 0.615234375 0.2431640625 0.6171875 0.236328125 0.6357421875 0.2421875 0.6708984375
2 0.220703125 0.5654296875 0.236328125 0.5556640625 0.234375 0.5380859375 0.2255859375 0.525390625 0.2109375 0.5322265625 0.212890625 0.5634765625
2 0.21484375 0.5263671875 0.220703125 0.5244140625 0.22265625 0.5048828125 0.21875 0.4951171875 0.2060546875 0.48828125 0.201171875 0.4912109375 0.201171875 0.5224609375
2 0.748046875 0.6767578125 0.751953125 0.6455078125 0.7294921875 0.640625 0.72265625 0.6552734375 0.7265625 0.6728515625
8 0.453125 0.8818359375 0.455078125 0.8525390625 0.4443359375 0.8203125 0.435546875 0.8349609375 0.439453125 0.8701171875 0.4443359375 0.8828125
13 0.36328125 0.7431640625 0.38671875 0.7333984375 0.3837890625 0.71484375 0.353515625 0.7236328125 0.353515625 0.7353515625
13 0.279296875 0.7705078125 0.302734375 0.7607421875 0.2978515625 0.7421875 0.26953125 0.7548828125 0.271484375 0.7705078125
13 0.45703125 0.6416015625 0.478515625 0.6298828125 0.48046875 0.6162109375 0.4736328125 0.60546875 0.4580078125 0.607421875 0.44921875 0.6201171875 0.44921875 0.6396484375
2 0.42578125 0.5244140625 0.431640625 0.5205078125 0.431640625 0.5048828125 0.423828125 0.4833984375 0.4052734375 0.46875 0.396484375 0.4794921875 0.396484375 0.5087890625 0.4091796875 0.525390625
2 0.47265625 0.5458984375 0.4814453125 0.53515625 0.5 0.5322265625 0.5 0.5126953125 0.4873046875 0.490234375 0.4453125 0.5029296875 0.462890625 0.5419921875
2 0.5234375 0.5263671875 0.533203125 0.5185546875 0.5234375 0.4873046875 0.5126953125 0.48046875 0.4970703125 0.482421875 0.4921875 0.4912109375 0.5 0.5126953125 0.5146484375 0.52734375
11 0.2109375 0.6279296875 0.2880859375 0.609375 0.29296875 0.6044921875 0.2890625 0.5537109375 0.2705078125 0.552734375 0.1884765625 0.57421875 0.1875 0.6142578125 0.1982421875 0.62890625
11 0.697265625 0.5302734375 0.6962890625 0.478515625 0.611328125 0.4658203125 0.609375 0.5107421875 0.6142578125 0.515625 0.697265625 0.5302734375