2 0.32421875 0.8349609375 0.33203125 0.8310546875 0.337890625 0.8154296875 0.3330078125 0.78125 0.3173828125 0.78125 0.30078125 0.8056640625 0.302734375 0.8330078125
2 0.28515625 0.8330078125 0.29296875 0.7841796875 0.2880859375 0.7734375 0.2724609375 0.7734375 0.26171875 0.7939453125 0.2578125 0.8271484375 0.2646484375 0.833984375
2 0.298828125 0.7548828125 0.3134765625 0.75390625 0.318359375 0.7470703125 0.322265625 0.7119140625 0.3154296875 0.689453125 0.3017578125 0.689453125 0.29296875 0.7099609375 0.291015625 0.7490234375
2 0.359375 0.7138671875 0.369140625 0.7099609375 0.373046875 0.6982421875 0.3662109375 0.654296875 0.3515625 0.6611328125 0.345703125 0.6767578125 0.345703125 0.7119140625
2 0.376953125 0.6513671875 0.384765625 0.6357421875 0.3828125 0.6044921875 0.3681640625 0.603515625 0.359375 0.6474609375
2 0.28125 0.9814453125 0.298828125 0.9716796875 0.2978515625 0.8984375 0.2783203125 0.8984375 0.271484375 0.9091796875 0.265625 0.9775390625
2 0.39453125 0.5810546875 0.404296875 0.5751953125 0.4013671875 0.537109375 0.3896484375 0.5390625 0.3828125 0.5517578125 0.3828125 0.5751953125 0.3876953125 0.58203125
2 0.369140625 0.5888671875 0.375 0.5576171875 0.3662109375 0.544921875 0.3583984375 0.544921875 0.3515625 0.5537109375 0.353515625 0.5888671875
2 0.41015625 0.5322265625 0.416015625 0.5263671875 0.41796875 0.5009765625 0.416015625 0.4873046875 0.4072265625 0.48046875 0.3984375 0.4833984375 0.396484375 0.5185546875 0.400390625 0.5322265625
2 0.38671875 0.5146484375 0.396484375 0.5107421875 0.3935546875 0.482421875 0.3828125 0.4873046875 0.37890625 0.4990234375 0.37890625 0.5107421875
2 0.40234375 0.4755859375 0.404296875 0.4541015625 0.3955078125 0.44921875 0.388671875 0.4697265625 0.3935546875 0.4765625
2 0.431640625 0.4755859375 0.431640625 0.4580078125 0.4189453125 0.455078125 0.416015625 0.4736328125
1 0.220703125 0.9619140625 0.23046875 0.9521484375 0.23046875 0.9072265625 0.2158203125 0.884765625 0.0810546875 0.87890625 0.072265625 0.8837890625 0.072265625 0.8994140625 0.0791015625 0.90625 0.0849609375 0.8984375 0.1015625 0.8994140625 0.1015625 0.9521484375 0.1064453125 0.958984375
1 0.462890625 0.6630859375 0.48046875 0.6591796875 0.48046875 0.5966796875 0.4267578125 0.599609375 0.423828125 0.6591796875
2 0.4296875 0.4462890625 0.431640625 0.4248046875 0.4169921875 0.423828125 0.416015625 0.4443359375