1 0.705078125 0.7490234375 0.732421875 0.7373046875 0.732421875 0.6337890625 0.6494140625 0.568359375 0.6103515625 0.572265625 0.599609375 0.5908203125 0.603515625 0.6708984375 0.6767578125 0.748046875
2 0.822265625 0.7373046875 0.84765625 0.7314453125 0.849609375 0.7001953125 0.8359375 0.6748046875 0.8154296875 0.662109375 0.779296875 0.6806640625 0.77734375 0.7119140625 0.8095703125 0.73828125
2 0.755859375 0.6357421875 0.7666015625 0.634765625 0.7734375 0.6220703125 0.771484375 0.5849609375 0.7548828125 0.572265625 0.7392578125 0.572265625 0.716796875 0.5908203125 0.716796875 0.6142578125 0.7412109375 0.63671875
2 0.69140625 0.9951171875 0.69921875 0.9931640625 0.705078125 0.9560546875 0.67578125 0.8876953125 0.6572265625 0.869140625 0.6298828125 0.873046875 0.615234375 0.8935546875 0.619140625 0.9443359375 0.642578125 0.9658203125 0.6591796875 0.9921875
2 0.615234375 0.8857421875 0.630859375 0.8642578125 0.62890625 0.8330078125 0.60546875 0.7724609375 0.5888671875 0.763671875 0.5712890625 0.763671875 0.55859375 0.8271484375 0.5703125 0.8388671875 0.57421875 0.8818359375
2 0.55859375 0.9326171875 0.580078125 0.9267578125 0.58203125 0.8916015625 0.5712890625 0.8828125 0.5380859375 0.880859375 0.53125 0.8876953125 0.533203125 0.9248046875 0.5400390625 0.93359375
2 0.392578125 0.9638671875 0.4111328125 0.9609375 0.42578125 0.9482421875 0.42578125 0.9169921875 0.416015625 0.8779296875 0.3974609375 0.845703125 0.3759765625 0.8515625 0.365234375 0.8740234375 0.376953125 0.9521484375 0.3837890625 0.962890625
4 0.30859375 0.7001953125 0.3291015625 0.697265625 0.337890625 0.6845703125 0.333984375 0.6298828125 0.3193359375 0.61328125 0.2958984375 0.615234375 0.2734375 0.6396484375 0.287109375 0.6826171875 0.3017578125 0.701171875
2 0.404296875 0.7802734375 0.439453125 0.7509765625 0.4267578125 0.7265625 0.400390625 0.7333984375 0.3984375 0.7705078125
2 0.435546875 0.8427734375 0.45703125 0.8349609375 0.458984375 0.8056640625 0.4462890625 0.76953125 0.4306640625 0.775390625 0.404296875 0.8017578125 0.416015625 0.8388671875
2 0.455078125 0.7275390625 0.46875 0.7197265625 0.462890625 0.6728515625 0.4521484375 0.654296875 0.4345703125 0.65234375 0.421875 0.6669921875 0.423828125 0.7041015625 0.4384765625 0.728515625
2 0.509765625 0.7255859375 0.525390625 0.7177734375 0.525390625 0.6884765625 0.509765625 0.6533203125 0.4892578125 0.650390625 0.4765625 0.6669921875 0.478515625 0.6943359375 0.490234375 0.7177734375 0.4990234375 0.7265625
2 0.552734375 0.8017578125 0.5625 0.7919921875 0.56640625 0.7548828125 0.5615234375 0.73828125 0.5419921875 0.736328125 0.515625 0.7490234375 0.515625 0.7724609375 0.5341796875 0.802734375
2 0.298828125 0.9326171875 0.3193359375 0.9296875 0.326171875 0.9169921875 0.322265625 0.8544921875 0.3056640625 0.81640625 0.2841796875 0.8203125 0.26953125 0.8427734375 0.26953125 0.8681640625 0.279296875 0.8798828125 0.28125 0.9287109375
2 0.275390625 0.8291015625 0.30078125 0.8115234375 0.298828125 0.7763671875 0.2861328125 0.74609375 0.2666015625 0.75 0.263671875 0.7607421875 0.265625 0.8173828125 0.26953125 0.8291015625
2 0.271484375 0.7431640625 0.28515625 0.7392578125 0.28515625 0.7138671875 0.275390625 0.6767578125 0.2626953125 0.671875 0.25 0.6787109375 0.248046875 0.7158203125 0.251953125 0.7314453125
2 0.349609375 0.7900390625 0.36328125 0.7412109375 0.35546875 0.7177734375 0.3447265625 0.712890625 0.326171875 0.7255859375 0.32421875 0.7568359375 0.33203125 0.7900390625
2 0.369140625 0.6494140625 0.3671875 0.6005859375 0.3583984375 0.5859375 0.3408203125 0.5859375 0.33203125 0.6103515625 0.3359375 0.6376953125 0.3447265625 0.650390625
1 0.4375 0.5537109375 0.4462890625 0.55078125 0.458984375 0.5322265625 0.451171875 0.4775390625 0.4130859375 0.447265625 0.3916015625 0.447265625 0.38671875 0.4521484375 0.38671875 0.4912109375 0.39453125 0.5263671875 0.4228515625 0.5546875
1 0.470703125 0.5263671875 0.494140625 0.5166015625 0.494140625 0.4599609375 0.4853515625 0.447265625 0.4404296875 0.4296875 0.4296875 0.4384765625 0.427734375 0.4521484375 0.453125 0.4775390625 0.4609375 0.5224609375
1 0.36328125 0.4794921875 0.373046875 0.4716796875 0.37109375 0.4150390625 0.3505859375 0.39453125 0.3310546875 0.39453125 0.322265625 0.4013671875 0.326171875 0.4599609375 0.3466796875 0.48046875
1 0.384765625 0.4501953125 0.404296875 0.4404296875 0.40234375 0.3916015625 0.3818359375 0.373046875 0.3583984375 0.373046875 0.353515625 0.3935546875 0.37109375 0.4150390625 0.375 0.4462890625
2 0.314453125 0.4794921875 0.322265625 0.4697265625 0.3203125 0.4521484375 0.3115234375 0.4375 0.3037109375 0.4375 0.294921875 0.4443359375 0.29296875 0.4736328125 0.3017578125 0.48046875
2 0.2421875 0.4755859375 0.248046875 0.4716796875 0.24609375 0.4482421875 0.2392578125 0.439453125 0.2314453125 0.439453125 0.2265625 0.4736328125
4 0.595703125 0.5908203125 0.625 0.5634765625 0.625 0.5322265625 0.6123046875 0.5234375 0.5888671875 0.5234375 0.57421875 0.5556640625 0.576171875 0.5791015625
2 0.533203125 0.4873046875 0.53515625 0.4638671875 0.5244140625 0.44921875 0.5126953125 0.44921875 0.50390625 0.4619140625 0.50390625 0.4794921875 0.5146484375 0.48828125
2 0.447265625 0.4267578125 0.45703125 0.4248046875 0.45703125 0.4091796875 0.4404296875 0.396484375 0.43359375 0.4033203125 0.43359375 0.4208984375
2 0.458984375 0.4013671875 0.458984375 0.3720703125 0.4443359375 0.369140625 0.439453125 0.3935546875
2 0.24609375 0.6201171875 0.263671875 0.6103515625 0.263671875 0.6005859375 0.2509765625 0.578125 0.2353515625 0.576171875 0.228515625 0.5849609375 0.228515625 0.6142578125