2 0.5234375 0.5380859375 0.529296875 0.5224609375 0.517578125 0.4853515625 0.5107421875 0.48046875 0.4931640625 0.482421875 0.48828125 0.4873046875 0.4921875 0.5224609375 0.5068359375 0.5390625
2 0.736328125 0.8466796875 0.74609375 0.8369140625 0.74609375 0.7861328125 0.7216796875 0.744140625 0.6943359375 0.744140625 0.681640625 0.7548828125 0.681640625 0.7919921875 0.703125 0.8232421875 0.705078125 0.8388671875 0.7138671875 0.84765625
2 0.64453125 0.7998046875 0.65625 0.7939453125 0.658203125 0.7587890625 0.640625 0.7177734375 0.6240234375 0.705078125 0.6015625 0.7177734375 0.599609375 0.7529296875 0.619140625 0.7958984375
2 0.58203125 0.7939453125 0.5859375 0.7568359375 0.583984375 0.7314453125 0.576171875 0.7275390625 0.580078125 0.7197265625 0.5712890625 0.703125 0.5439453125 0.69921875 0.533203125 0.7119140625 0.533203125 0.7255859375 0.544921875 0.7666015625 0.5595703125 0.794921875
2 0.5078125 0.9619140625 0.515625 0.9521484375 0.517578125 0.9306640625 0.5 0.8564453125 0.4697265625 0.8515625 0.462890625 0.8623046875 0.462890625 0.9072265625 0.4765625 0.9560546875 0.4892578125 0.962890625
2 0.859375 0.7744140625 0.865234375 0.7724609375 0.865234375 0.7080078125 0.8291015625 0.69921875 0.818359375 0.7138671875 0.822265625 0.7333984375 0.849609375 0.7705078125
1 0.662109375 0.5146484375 0.67578125 0.5087890625 0.6796875 0.4521484375 0.646484375 0.4091796875 0.646484375 0.3955078125 0.638671875 0.3837890625 0.6240234375 0.375 0.6103515625 0.376953125 0.6015625 0.3916015625 0.59765625 0.4423828125 0.63671875 0.5048828125 0.6513671875 0.515625
4 0.560546875 0.5361328125 0.576171875 0.5302734375 0.58203125 0.4755859375 0.568359375 0.4326171875 0.5458984375 0.41015625 0.5263671875 0.408203125 0.517578125 0.4169921875 0.51953125 0.4873046875 0.537109375 0.5263671875 0.5498046875 0.537109375
1 0.595703125 0.4267578125 0.6015625 0.3857421875 0.615234375 0.3681640625 0.5712890625 0.30859375 0.5537109375 0.30859375 0.54296875 0.3251953125 0.544921875 0.3720703125 0.57421875 0.4150390625 0.5869140625 0.427734375
1 0.392578125 0.3154296875 0.412109375 0.3095703125 0.41015625 0.2548828125 0.3818359375 0.216796875 0.3681640625 0.21484375 0.361328125 0.2255859375 0.365234375 0.2822265625 0.376953125 0.3076171875
2 0.466796875 0.4326171875 0.46875 0.4033203125 0.4609375 0.3876953125 0.4423828125 0.375 0.43359375 0.3935546875 0.435546875 0.4150390625 0.4482421875 0.431640625
2 0.37109375 0.5029296875 0.375 0.4794921875 0.365234375 0.4501953125 0.3486328125 0.44140625 0.341796875 0.4541015625 0.341796875 0.4833984375 0.3525390625 0.50390625
2 0.283203125 0.3564453125 0.291015625 0.3466796875 0.287109375 0.3134765625 0.2685546875 0.298828125 0.263671875 0.3095703125 0.265625 0.3486328125 0.2744140625 0.357421875
13 0.310546875 0.7001953125 0.3935546875 0.6953125 0.3984375 0.6884765625 0.3984375 0.6240234375 0.3876953125 0.619140625 0.2783203125 0.6328125 0.28125 0.6982421875
2 0.353515625 0.2978515625 0.349609375 0.2646484375 0.3349609375 0.259765625 0.333984375 0.2939453125 0.3369140625 0.298828125
2 0.47265625 0.3212890625 0.47265625 0.2802734375 0.4580078125 0.275390625 0.451171875 0.2822265625 0.451171875 0.3017578125 0.4599609375 0.3203125
2 0.521484375 0.3232421875 0.5234375 0.2939453125 0.5087890625 0.28125 0.49609375 0.2900390625 0.49609375 0.3017578125 0.5048828125 0.3203125
1 0.421875 0.2080078125 0.431640625 0.1982421875 0.43359375 0.1650390625 0.423828125 0.1474609375 0.4013671875 0.1328125 0.396484375 0.1376953125 0.400390625 0.1884765625 0.4130859375 0.20703125
2 0.35546875 0.1962890625 0.357421875 0.1748046875 0.3505859375 0.166015625 0.3408203125 0.166015625 0.3359375 0.1904296875 0.3408203125 0.197265625
9 0.189453125 0.7412109375 0.193359375 0.7158203125 0.1865234375 0.69140625 0.181640625 0.7333984375