1 0.2578125 0.9990234375 0.2763671875 0.966796875 0.310546875 0.9580078125 0.341796875 0.8974609375 0.357421875 0.8525390625 0.353515625 0.7197265625 0.3232421875 0.6953125 0.2998046875 0.6875 0.283203125 0.6943359375 0.154296875 0.8857421875 0.1298828125 0.888671875 0.078125 0.9599609375 0.0830078125 0.966796875 0.2177734375 0.966796875 0.2138671875 1
1 0.48046875 0.3134765625 0.501953125 0.2958984375 0.51171875 0.2744140625 0.51171875 0.2333984375 0.5048828125 0.2265625 0.4892578125 0.2265625 0.4755859375 0.234375 0.458984375 0.2548828125 0.45703125 0.3037109375 0.4638671875 0.314453125
1 0.673828125 0.2021484375 0.6796875 0.1962890625 0.6796875 0.1728515625 0.689453125 0.1396484375 0.6845703125 0.126953125 0.6728515625 0.126953125 0.658203125 0.1474609375 0.658203125 0.1748046875 0.65234375 0.1865234375 0.6591796875 0.201171875
1 0.72265625 0.1005859375 0.728515625 0.0595703125 0.7158203125 0.05859375 0.708984375 0.0712890625 0.70703125 0.0986328125
2 0.107421875 0.5986328125 0.1455078125 0.55859375 0.1640625 0.5556640625 0.173828125 0.5341796875 0.1748046875 0.498046875 0.1455078125 0.490234375 0.1240234375 0.4921875 0.109375 0.5009765625 0.078125 0.5439453125 0.078125 0.5947265625 0.0830078125 0.599609375
2 0.5078125 0.3583984375 0.53515625 0.3349609375 0.53515625 0.2978515625 0.5283203125 0.29296875 0.5087890625 0.296875 0.48828125 0.3310546875 0.490234375 0.3544921875
2 0.79296875 0.6865234375 0.79296875 0.6650390625 0.806640625 0.6396484375 0.806640625 0.6240234375 0.7802734375 0.6171875 0.755859375 0.6298828125 0.755859375 0.6591796875 0.7666015625 0.67578125
2 0.56640625 0.2255859375 0.576171875 0.2119140625 0.576171875 0.1982421875 0.5712890625 0.189453125 0.5615234375 0.19140625 0.5556640625 0.185546875 0.546875 0.2177734375 0.5517578125 0.2265625
2 0.580078125 0.2509765625 0.58984375 0.2392578125 0.5869140625 0.208984375 0.5751953125 0.208984375 0.56640625 0.2255859375 0.56640625 0.2490234375
2 0.609375 0.1748046875 0.6171875 0.1669921875 0.6162109375 0.146484375 0.6025390625 0.146484375 0.595703125 0.1552734375 0.595703125 0.1728515625
2 0.640625 0.1376953125 0.64453125 0.1259765625 0.6337890625 0.1171875 0.630859375 0.1376953125
2 0.662109375 0.1396484375 0.66796875 0.1279296875 0.6552734375 0.125 0.65234375 0.1337890625
11 0.537109375 0.1533203125 0.5361328125 0.115234375 0.4912109375 0.10546875 0.4736328125 0.10546875 0.46484375 0.1123046875 0.470703125 0.1201171875 0.46484375 0.1298828125 0.4755859375 0.142578125
11 0.595703125 0.0927734375 0.599609375 0.0537109375 0.5947265625 0.048828125 0.5693359375 0.048828125 0.5625 0.0556640625 0.564453125 0.0869140625 0.5771484375 0.09375