11 0.2265625 0.9599609375 0.2275390625 0.900390625 0.1083984375 0.8984375 0.103515625 0.9052734375 0.1083984375 0.958984375
2 0.28515625 0.9912109375 0.296875 0.9833984375 0.30078125 0.9716796875 0.30078125 0.9150390625 0.2958984375 0.90625 0.2734375 0.9111328125 0.263671875 0.9521484375 0.263671875 0.9873046875
2 0.326171875 0.8349609375 0.3359375 0.8310546875 0.3359375 0.7900390625 0.3193359375 0.78515625 0.302734375 0.7958984375 0.298828125 0.8330078125
2 0.275390625 0.8369140625 0.28515625 0.8349609375 0.29296875 0.8154296875 0.29296875 0.7880859375 0.2822265625 0.775390625 0.267578125 0.7802734375 0.255859375 0.8115234375 0.255859375 0.8330078125
2 0.306640625 0.7548828125 0.314453125 0.7529296875 0.322265625 0.7275390625 0.3154296875 0.693359375 0.3017578125 0.693359375 0.2890625 0.7158203125 0.2890625 0.7490234375 0.2939453125 0.755859375
2 0.359375 0.7158203125 0.37109375 0.7080078125 0.369140625 0.6728515625 0.3623046875 0.658203125 0.34765625 0.6669921875 0.341796875 0.6904296875 0.34375 0.7119140625
2 0.376953125 0.6533203125 0.3828125 0.6494140625 0.3828125 0.6044921875 0.3701171875 0.603515625 0.361328125 0.6162109375 0.359375 0.6513671875
2 0.365234375 0.5927734375 0.373046875 0.5849609375 0.373046875 0.5615234375 0.3662109375 0.55078125 0.3583984375 0.55078125 0.3515625 0.5634765625 0.3515625 0.5888671875
2 0.400390625 0.5830078125 0.404296875 0.5615234375 0.3955078125 0.5390625 0.384765625 0.5478515625 0.380859375 0.5751953125 0.3837890625 0.583984375
2 0.392578125 0.5185546875 0.3984375 0.4912109375 0.3857421875 0.484375 0.37890625 0.5166015625
11 0.474609375 0.6630859375 0.48046875 0.6611328125 0.48046875 0.5966796875 0.4267578125 0.599609375 0.423828125 0.6591796875