1 0.43359375 0.5517578125 0.4443359375 0.548828125 0.455078125 0.5302734375 0.44921875 0.4775390625 0.4111328125 0.443359375 0.3876953125 0.4453125 0.3828125 0.4541015625 0.38671875 0.5107421875 0.4189453125 0.55078125
1 0.47265625 0.5263671875 0.4892578125 0.5234375 0.49609375 0.5146484375 0.494140625 0.4560546875 0.4580078125 0.4296875 0.4384765625 0.4296875 0.427734375 0.4384765625 0.427734375 0.4541015625 0.44921875 0.4775390625 0.455078125 0.5224609375
1 0.361328125 0.4775390625 0.373046875 0.4658203125 0.369140625 0.4130859375 0.3486328125 0.392578125 0.3291015625 0.390625 0.318359375 0.4033203125 0.32421875 0.4560546875 0.3447265625 0.478515625
1 0.3828125 0.4482421875 0.404296875 0.4384765625 0.404296875 0.3935546875 0.3818359375 0.373046875 0.3603515625 0.373046875 0.353515625 0.3798828125 0.35546875 0.3974609375 0.369140625 0.4130859375 0.373046875 0.4462890625
4 0.310546875 0.6982421875 0.33203125 0.6904296875 0.3359375 0.6689453125 0.33203125 0.6279296875 0.3173828125 0.611328125 0.2900390625 0.6171875 0.2734375 0.6376953125 0.283203125 0.6767578125 0.2998046875 0.697265625
2 0.2734375 0.8291015625 0.30078125 0.8115234375 0.298828125 0.7763671875 0.2861328125 0.74609375 0.2666015625 0.75 0.263671875 0.7587890625 0.265625 0.8173828125
2 0.82421875 0.7451171875 0.8525390625 0.740234375 0.861328125 0.7314453125 0.857421875 0.7001953125 0.845703125 0.6826171875 0.8271484375 0.669921875 0.78515625 0.6884765625 0.787109375 0.7216796875
2 0.751953125 0.6337890625 0.7724609375 0.6328125 0.779296875 0.6220703125 0.775390625 0.5888671875 0.7607421875 0.576171875 0.7431640625 0.576171875 0.72265625 0.5927734375 0.72265625 0.6181640625
2 0.603515625 0.5927734375 0.6123046875 0.576171875 0.62890625 0.5693359375 0.6328125 0.5517578125 0.62890625 0.5341796875 0.6142578125 0.525390625 0.5888671875 0.529296875 0.580078125 0.5576171875 0.583984375 0.5927734375
2 0.548828125 0.9326171875 0.578125 0.9248046875 0.580078125 0.8876953125 0.572265625 0.8818359375 0.5625 0.8388671875 0.5556640625 0.83203125 0.5263671875 0.830078125 0.513671875 0.8427734375 0.509765625 0.8759765625 0.533203125 0.9267578125
2 0.685546875 0.9951171875 0.6982421875 0.994140625 0.705078125 0.9814453125 0.705078125 0.9560546875 0.69140625 0.9208984375 0.6630859375 0.87109375 0.6513671875 0.8671875 0.6298828125 0.873046875 0.615234375 0.8916015625 0.619140625 0.9462890625 0.640625 0.9638671875 0.6572265625 0.9921875
2 0.61328125 0.8857421875 0.630859375 0.8662109375 0.62890625 0.8330078125 0.60546875 0.7724609375 0.5712890625 0.763671875 0.556640625 0.8173828125 0.568359375 0.8408203125 0.572265625 0.8818359375
2 0.404296875 0.7802734375 0.439453125 0.7490234375 0.4228515625 0.72265625 0.4052734375 0.724609375 0.396484375 0.7333984375 0.39453125 0.7587890625 0.3984375 0.7783203125
2 0.4296875 0.8369140625 0.4482421875 0.833984375 0.45703125 0.8115234375 0.4462890625 0.767578125 0.4326171875 0.7734375 0.404296875 0.8037109375 0.412109375 0.8310546875
2 0.458984375 0.7236328125 0.466796875 0.7177734375 0.462890625 0.6748046875 0.453125 0.6552734375 0.4365234375 0.6484375 0.419921875 0.6611328125 0.419921875 0.6982421875 0.4345703125 0.724609375
2 0.509765625 0.7236328125 0.525390625 0.7158203125 0.521484375 0.6728515625 0.5068359375 0.650390625 0.4912109375 0.650390625 0.4765625 0.6669921875 0.478515625 0.6962890625 0.4970703125 0.72265625
2 0.3515625 0.6494140625 0.37109375 0.6435546875 0.37109375 0.6201171875 0.359375 0.5869140625 0.3427734375 0.58203125 0.333984375 0.5888671875 0.330078125 0.6240234375 0.33984375 0.6455078125
2 0.40234375 0.9619140625 0.423828125 0.9521484375 0.42578125 0.9189453125 0.404296875 0.8505859375 0.3876953125 0.845703125 0.373046875 0.8525390625 0.365234375 0.8701171875 0.365234375 0.8994140625 0.37890625 0.9580078125 0.3837890625 0.962890625
2 0.30859375 0.9306640625 0.32421875 0.9248046875 0.32421875 0.8759765625 0.31640625 0.8466796875 0.2958984375 0.841796875 0.2890625 0.8701171875 0.279296875 0.8798828125 0.279296875 0.9169921875 0.2861328125 0.931640625
2 0.314453125 0.4775390625 0.3203125 0.4716796875 0.3203125 0.4580078125 0.3125 0.4384765625 0.2978515625 0.435546875 0.291015625 0.4501953125 0.29296875 0.4716796875 0.2998046875 0.478515625
2 0.287109375 0.5087890625 0.302734375 0.5029296875 0.298828125 0.4794921875 0.2919921875 0.474609375 0.279296875 0.4814453125 0.27734375 0.5029296875
2 0.236328125 0.4755859375 0.24609375 0.4716796875 0.24609375 0.4580078125 0.2421875 0.4423828125 0.2333984375 0.4375 0.224609375 0.4482421875 0.224609375 0.4697265625
2 0.21875 0.4404296875 0.228515625 0.4326171875 0.228515625 0.4169921875 0.2216796875 0.41015625 0.2109375 0.4228515625
2 0.53515625 0.4892578125 0.5390625 0.4755859375 0.53125 0.4541015625 0.5146484375 0.453125 0.50390625 0.4638671875 0.505859375 0.4814453125 0.5185546875 0.490234375
2 0.45703125 0.4267578125 0.455078125 0.4013671875 0.4404296875 0.396484375 0.43359375 0.4052734375 0.435546875 0.4228515625 0.4404296875 0.427734375
2 0.42578125 0.4228515625 0.427734375 0.3818359375 0.4091796875 0.37890625 0.404296875 0.3837890625 0.40625 0.4208984375
9 0.12109375 0.8779296875 0.125 0.8388671875 0.1162109375 0.798828125 0.107421875 0.8193359375 0.115234375 0.8720703125