8 0.30859375 0.5380859375 0.330078125 0.4931640625 0.3359375 0.4619140625 0.337890625 0.4150390625 0.3232421875 0.392578125 0.3046875 0.4111328125 0.29296875 0.4365234375 0.283203125 0.4423828125 0.291015625 0.4521484375 0.291015625 0.4990234375 0.298828125 0.5126953125 0.30078125 0.5380859375
6 0.146484375 0.7236328125 0.15625 0.6845703125 0.208984375 0.6142578125 0.2265625 0.5419921875 0.224609375 0.4853515625 0.21484375 0.4560546875 0.2001953125 0.447265625 0.1630859375 0.44140625 0.1201171875 0.447265625 0.060546875 0.5146484375 0.029296875 0.5947265625 0.013671875 0.6201171875 0.00390625 0.6728515625 0.0087890625 0.6953125 0.0478515625 0.71484375 0.1142578125 0.7109375
6 0.322265625 0.9736328125 0.35546875 0.8994140625 0.375 0.8349609375 0.376953125 0.7255859375 0.37109375 0.6748046875 0.3642578125 0.662109375 0.3271484375 0.65234375 0.2470703125 0.6484375 0.23046875 0.6591796875 0.1640625 0.7587890625 0.08984375 0.8798828125 0.0703125 0.9287109375 0.2724609375 0.96484375 0.271484375 0.9267578125 0.3095703125 0.853515625 0.314453125 0.9287109375 0.298828125 0.9697265625
6 0.435546875 0.6650390625 0.453125 0.6552734375 0.4609375 0.6123046875 0.48046875 0.5693359375 0.482421875 0.5400390625 0.490234375 0.5224609375 0.4921875 0.4169921875 0.4755859375 0.404296875 0.4326171875 0.40234375 0.3935546875 0.392578125 0.3515625 0.4716796875 0.328125 0.5615234375 0.3203125 0.6376953125 0.3251953125 0.6484375 0.3623046875 0.65625 0.3759765625 0.666015625
6 0.791015625 0.5849609375 0.80078125 0.5576171875 0.802734375 0.5224609375 0.798828125 0.4228515625 0.7890625 0.3857421875 0.7744140625 0.3671875 0.7099609375 0.36328125 0.6953125 0.4013671875 0.693359375 0.4443359375 0.68359375 0.4638671875 0.6875 0.5712890625 0.6943359375 0.578125
2 0.7734375 0.8330078125 0.7958984375 0.826171875 0.802734375 0.8154296875 0.8125 0.7724609375 0.8125 0.7119140625 0.82421875 0.7060546875 0.826171875 0.6962890625 0.8125 0.6884765625 0.814453125 0.6650390625 0.802734375 0.6044921875 0.7724609375 0.59375 0.7353515625 0.59375 0.703125 0.6494140625 0.703125 0.6708984375 0.69140625 0.6845703125 0.697265625 0.7080078125 0.6875 0.7705078125 0.689453125 0.8134765625 0.6962890625 0.822265625 0.7216796875 0.83203125
2 0.5078125 0.4287109375 0.51953125 0.3466796875 0.517578125 0.3232421875 0.5029296875 0.291015625 0.4716796875 0.28515625 0.44921875 0.3095703125 0.43359375 0.3623046875 0.42578125 0.3701171875 0.42578125 0.3935546875 0.4365234375 0.400390625 0.4853515625 0.404296875 0.49609375 0.4267578125
2 0.53125 0.2861328125 0.541015625 0.2705078125 0.546875 0.2255859375 0.54296875 0.1982421875 0.5341796875 0.17578125 0.5185546875 0.16796875 0.4990234375 0.16796875 0.486328125 0.1787109375 0.46875 0.2138671875 0.47265625 0.2236328125 0.46484375 0.2431640625 0.46484375 0.2744140625 0.4716796875 0.28125
2 0.34375 0.2998046875 0.3544921875 0.298828125 0.361328125 0.2861328125 0.375 0.2177734375 0.37109375 0.2001953125 0.3564453125 0.181640625 0.3251953125 0.17578125 0.3046875 0.1884765625 0.283203125 0.2275390625 0.2734375 0.2841796875 0.275390625 0.2919921875 0.2880859375 0.298828125
2 0.294921875 0.1162109375 0.3046875 0.0537109375 0.296875 0.0244140625 0.2880859375 0.015625 0.2626953125 0.013671875 0.236328125 0.0556640625 0.23046875 0.1083984375 0.2509765625 0.115234375
2 0.421875 0.0771484375 0.427734375 0.0693359375 0.431640625 0.0224609375 0.4189453125 0.001953125 0.3896484375 0 0.373046875 0.0322265625 0.37109375 0.0673828125 0.3759765625 0.07421875
2 0.529296875 0.0380859375 0.5361328125 0 0.478515625 0.0029296875 0.4873046875 0.033203125
2 0.818359375 0.9990234375 0.818359375 0.9443359375 0.8037109375 0.931640625 0.7060546875 0.921875 0.6875 0.9423828125 0.6806640625 1
4 0.751953125 0.3193359375 0.759765625 0.3134765625 0.765625 0.2568359375 0.771484375 0.2392578125 0.779296875 0.2373046875 0.783203125 0.2138671875 0.771484375 0.2021484375 0.7626953125 0.173828125 0.724609375 0.1630859375 0.7236328125 0.12890625 0.6669921875 0.12890625 0.66015625 0.2080078125 0.642578125 0.2294921875 0.6484375 0.2646484375 0.658203125 0.2783203125 0.658203125 0.3076171875 0.6748046875 0.31640625