2 0.083984375 0.9990234375 0.109375 0.9345703125 0.126953125 0.9072265625 0.134765625 0.8486328125 0.130859375 0.8037109375 0.1171875 0.7587890625 0.0966796875 0.7265625 0.0634765625 0.72265625 0.0068359375 0.728515625 0 0.7314453125 0 0.9990234375
6 0.333984375 0.9189453125 0.4267578125 0.900390625 0.435546875 0.8896484375 0.439453125 0.8291015625 0.451171875 0.7802734375 0.462890625 0.7568359375 0.46484375 0.7041015625 0.458984375 0.6240234375 0.44921875 0.5771484375 0.4404296875 0.5625 0.3447265625 0.56640625 0.322265625 0.5751953125 0.279296875 0.6708984375 0.2734375 0.7236328125 0.263671875 0.7529296875 0.251953125 0.7607421875 0.251953125 0.7822265625 0.267578125 0.7958984375 0.267578125 0.8759765625 0.2734375 0.9033203125 0.2861328125 0.916015625
2 0.212890625 0.5068359375 0.2646484375 0.5 0.287109375 0.4853515625 0.2890625 0.4580078125 0.30078125 0.4345703125 0.298828125 0.3916015625 0.2890625 0.3642578125 0.2607421875 0.341796875 0.2177734375 0.34765625 0.19140625 0.3974609375 0.17578125 0.4580078125 0.177734375 0.4833984375 0.1904296875 0.505859375
2 0.4140625 0.5048828125 0.4892578125 0.498046875 0.498046875 0.4912109375 0.498046875 0.4072265625 0.48046875 0.3525390625 0.4716796875 0.341796875 0.4208984375 0.345703125 0.41015625 0.3662109375 0.40234375 0.4072265625 0.392578125 0.4130859375 0.40234375 0.4287109375 0.396484375 0.4521484375 0.3984375 0.4912109375 0.4072265625 0.505859375
2 0.46484375 0.3291015625 0.4873046875 0.326171875 0.501953125 0.3173828125 0.501953125 0.2509765625 0.4755859375 0.205078125 0.4482421875 0.203125 0.431640625 0.2099609375 0.423828125 0.2490234375 0.4140625 0.2607421875 0.419921875 0.2666015625 0.42578125 0.3251953125
2 0.33203125 0.2138671875 0.357421875 0.2099609375 0.357421875 0.1533203125 0.3369140625 0.119140625 0.3037109375 0.119140625 0.29296875 0.1259765625 0.283203125 0.1572265625 0.291015625 0.2119140625
2 0.1796875 0.1630859375 0.2294921875 0.16015625 0.232421875 0.1552734375 0.234375 0.1220703125 0.2265625 0.0830078125 0.2099609375 0.05859375 0.1806640625 0.060546875 0.162109375 0.1064453125 0.1640625 0.1591796875
2 0.306640625 0.0830078125 0.34765625 0.0771484375 0.345703125 0.0302734375 0.3310546875 0.01171875 0.3037109375 0.009765625 0.28515625 0.0322265625 0.2890625 0.0771484375 0.2939453125 0.083984375
2 0.806640625 0.8720703125 0.8349609375 0.865234375 0.857421875 0.8505859375 0.861328125 0.7939453125 0.8515625 0.7314453125 0.86328125 0.7119140625 0.849609375 0.7021484375 0.841796875 0.6552734375 0.826171875 0.6201171875 0.8056640625 0.607421875 0.7841796875 0.607421875 0.7509765625 0.61328125 0.744140625 0.6201171875 0.7265625 0.6767578125 0.7265625 0.7138671875 0.716796875 0.7255859375 0.728515625 0.7470703125 0.728515625 0.8173828125 0.73828125 0.8603515625 0.7626953125 0.873046875
2 0.775390625 0.5908203125 0.814453125 0.5849609375 0.81640625 0.5205078125 0.80859375 0.4833984375 0.818359375 0.4697265625 0.802734375 0.4580078125 0.78515625 0.3994140625 0.7646484375 0.359375 0.6943359375 0.36328125 0.681640625 0.4013671875 0.681640625 0.4736328125 0.69921875 0.5830078125 0.7060546875 0.591796875
4 0.658203125 0.3134765625 0.7275390625 0.306640625 0.736328125 0.3017578125 0.73828125 0.2822265625 0.73828125 0.1865234375 0.728515625 0.1826171875 0.7158203125 0.15234375 0.677734375 0.1474609375 0.6728515625 0.11328125 0.6083984375 0.119140625 0.603515625 0.1240234375 0.611328125 0.2021484375 0.6015625 0.2353515625 0.611328125 0.2626953125 0.625 0.2802734375 0.62890625 0.3095703125 0.6337890625 0.314453125