2 0.419921875 0.5087890625 0.431640625 0.5009765625 0.431640625 0.4814453125 0.42578125 0.4365234375 0.4140625 0.4013671875 0.4013671875 0.388671875 0.3681640625 0.388671875 0.353515625 0.4150390625 0.353515625 0.4853515625 0.3681640625 0.5 0.4033203125 0.501953125
2 0.365234375 0.3837890625 0.376953125 0.3779296875 0.373046875 0.3154296875 0.3564453125 0.28515625 0.3232421875 0.283203125 0.31640625 0.2880859375 0.310546875 0.3115234375 0.310546875 0.3662109375 0.3232421875 0.3828125 0.3447265625 0.37890625
2 0.322265625 0.2822265625 0.32421875 0.2392578125 0.314453125 0.2041015625 0.3017578125 0.197265625 0.2763671875 0.201171875 0.265625 0.2236328125 0.267578125 0.2744140625
2 0.123046875 0.8681640625 0.125 0.7861328125 0.107421875 0.7275390625 0.0927734375 0.720703125 0.0517578125 0.7265625 0.044921875 0.7373046875 0.041015625 0.7705078125 0.056640625 0.7822265625 0.056640625 0.8603515625 0.0791015625 0.8671875
2 0.18359375 0.9990234375 0.17578125 0.9423828125 0.1494140625 0.90625 0.0986328125 0.90234375 0.0771484375 0.91015625 0.05859375 0.9287109375 0.0595703125 1
2 0.2421875 0.0517578125 0.251953125 0.0478515625 0.25 0.0146484375 0.2451171875 0.009765625 0.2158203125 0.013671875 0.234375 0.0498046875
2 0.21484375 0.0986328125 0.23828125 0.0927734375 0.23046875 0.0341796875 0.2177734375 0.025390625 0.2041015625 0.02734375 0.19921875 0.0361328125 0.19921875 0.0712890625 0.20703125 0.0966796875
1 0.158203125 0.2216796875 0.1943359375 0.2109375 0.205078125 0.1904296875 0.203125 0.0908203125 0.189453125 0.0283203125 0.1787109375 0.013671875 0.126953125 0.0244140625 0.130859375 0.1845703125 0.140625 0.2080078125
8 0.615234375 0.8173828125 0.626953125 0.7373046875 0.62109375 0.7197265625 0.625 0.7021484375 0.611328125 0.6552734375 0.6025390625 0.650390625 0.58984375 0.7041015625 0.59375 0.7783203125 0.603515625 0.8095703125
8 0.447265625 0.3505859375 0.453125 0.2841796875 0.447265625 0.2568359375 0.4365234375 0.25 0.427734375 0.2978515625 0.431640625 0.3330078125 0.439453125 0.3505859375
9 0.697265625 0.4619140625 0.70703125 0.3740234375 0.6943359375 0.359375 0.6875 0.3798828125 0.6875 0.4111328125
13 0.626953125 0.2919921875 0.630859375 0.2548828125 0.6240234375 0.25 0.6171875 0.2548828125 0.6171875 0.2783203125
11 0.365234375 0.2138671875 0.380859375 0.2080078125 0.37890625 0.1357421875 0.3720703125 0.1171875 0.3447265625 0.119140625 0.33984375 0.1259765625 0.345703125 0.2138671875
11 0.365234375 0.2138671875 0.3759765625 0.212890625 0.380859375 0.2041015625 0.376953125 0.1240234375 0.3740234375 0.119140625 0.3466796875 0.119140625 0.341796875 0.1220703125 0.341796875 0.1630859375 0.337890625 0.1650390625 0.3251953125 0.14453125 0.3115234375 0.146484375 0.302734375 0.1630859375 0.302734375 0.1845703125 0.30859375 0.1982421875 0.3193359375 0.205078125 0.333984375 0.1943359375 0.3408203125 0.1796875 0.345703125 0.2138671875
11 0.568359375 0.2255859375 0.5703125 0.2080078125 0.587890625 0.2021484375 0.587890625 0.1650390625 0.57421875 0.1572265625 0.572265625 0.1142578125 0.5537109375 0.111328125 0.548828125 0.1435546875 0.552734375 0.2236328125