2 0.51953125 0.5263671875 0.529296875 0.4990234375 0.521484375 0.4208984375 0.5087890625 0.40625 0.4794921875 0.404296875 0.4609375 0.4169921875 0.451171875 0.4384765625 0.443359375 0.5224609375 0.4580078125 0.52734375 0.4853515625 0.515625 0.5029296875 0.525390625
2 0.49609375 0.7216796875 0.5009765625 0.712890625 0.5224609375 0.716796875 0.5556640625 0.7109375 0.5703125 0.7001953125 0.5654296875 0.6875 0.5322265625 0.6796875 0.517578125 0.6689453125 0.517578125 0.6591796875 0.5263671875 0.654296875 0.5556640625 0.658203125 0.5849609375 0.685546875 0.58984375 0.6826171875 0.587890625 0.5908203125 0.5693359375 0.5546875 0.5244140625 0.55078125 0.505859375 0.5791015625 0.486328125 0.6689453125 0.486328125 0.7177734375
2 0.6171875 0.4619140625 0.6650390625 0.4609375 0.677734375 0.4423828125 0.677734375 0.3662109375 0.6650390625 0.349609375 0.6279296875 0.34765625 0.6171875 0.3623046875 0.6015625 0.4130859375 0.6015625 0.4580078125
2 0.5703125 0.3486328125 0.5771484375 0.33984375 0.6064453125 0.3359375 0.623046875 0.3271484375 0.623046875 0.2705078125 0.6103515625 0.240234375 0.5732421875 0.240234375 0.560546875 0.2607421875 0.55078125 0.3115234375 0.552734375 0.3447265625
2 0.78515625 0.4716796875 0.787109375 0.4345703125 0.7978515625 0.431640625 0.8037109375 0.44140625 0.80859375 0.4365234375 0.806640625 0.3876953125 0.7919921875 0.37890625 0.7509765625 0.380859375 0.736328125 0.3955078125 0.734375 0.4599609375 0.7490234375 0.47265625
2 0.1953125 0.9990234375 0.1953125 0.9697265625 0.1904296875 0.96484375 0.1396484375 0.958984375 0.119140625 0.9619140625 0.107421875 0.9931640625 0.1083984375 1
2 0.23046875 0.9990234375 0.21875 0.9287109375 0.2080078125 0.919921875 0.1767578125 0.9140625 0.1474609375 0.91796875 0.134765625 0.9287109375 0.10546875 0.9970703125
2 0.23046875 0.9990234375 0.21875 0.9287109375 0.2080078125 0.919921875 0.1767578125 0.9140625 0.1474609375 0.91796875 0.134765625 0.9287109375 0.10546875 0.9970703125
2 0.41796875 0.9990234375 0.408203125 0.9501953125 0.3876953125 0.931640625 0.3447265625 0.93359375 0.33203125 0.9482421875 0.3125 0.9951171875 0.3134765625 1
2 0.94140625 0.9990234375 0.943359375 0.9326171875 0.9189453125 0.90625 0.8974609375 0.8984375 0.8642578125 0.8984375 0.837890625 0.9189453125 0.822265625 0.9462890625 0.814453125 0.9912109375 0.806640625 0.9951171875 0.8076171875 1
2 0.90234375 0.8681640625 0.943359375 0.8564453125 0.943359375 0.7783203125 0.955078125 0.7705078125 0.95703125 0.7607421875 0.953125 0.7294921875 0.9326171875 0.720703125 0.8994140625 0.720703125 0.890625 0.7275390625 0.87109375 0.7861328125 0.876953125 0.7958984375 0.873046875 0.8662109375
2 0.7578125 0.1865234375 0.767578125 0.1806640625 0.767578125 0.1201171875 0.7373046875 0.115234375 0.72265625 0.1494140625 0.720703125 0.1787109375 0.7333984375 0.185546875
2 0.794921875 0.1162109375 0.80078125 0.1005859375 0.798828125 0.0517578125 0.7763671875 0.04296875 0.76171875 0.0576171875 0.755859375 0.1083984375 0.7646484375 0.115234375
2 0.82421875 0.0341796875 0.828125 0.0009765625 0.7958984375 0 0.794921875 0.0322265625
8 0.69921875 0.1416015625 0.70703125 0.1298828125 0.708984375 0.1025390625 0.7021484375 0.068359375 0.69140625 0.0830078125 0.689453125 0.1064453125 0.693359375 0.1396484375
8 0.646484375 0.3212890625 0.654296875 0.3076171875 0.6494140625 0.234375 0.640625 0.2412109375 0.634765625 0.2900390625 0.640625 0.3193359375
8 0.744140625 0.3837890625 0.755859375 0.3779296875 0.76171875 0.3466796875 0.759765625 0.3291015625 0.7490234375 0.3125 0.732421875 0.3369140625 0.73828125 0.3544921875 0.736328125 0.3837890625
8 0.82421875 0.2177734375 0.8359375 0.1513671875 0.8212890625 0.130859375 0.810546875 0.1455078125 0.810546875 0.1591796875 0.81640625 0.2138671875
9 0.484375 0.3662109375 0.482421875 0.2900390625 0.474609375 0.2666015625 0.4677734375 0.263671875 0.466796875 0.3115234375 0.45703125 0.3564453125 0.4697265625 0.333984375
13 0.37109375 0.4228515625 0.384765625 0.1943359375 0.3779296875 0.158203125 0.37109375 0.1669921875 0.3671875 0.2255859375 0.365234375 0.4208984375
13 0.25 0.4443359375 0.255859375 0.4423828125 0.255859375 0.3818359375 0.2373046875 0.37890625 0.232421875 0.4384765625
2 0.630859375 0.2783203125 0.638671875 0.2392578125 0.63671875 0.2177734375 0.6181640625 0.189453125 0.6005859375 0.189453125 0.591796875 0.2021484375 0.583984375 0.2353515625 0.6123046875 0.240234375 0.625 0.2783203125