2 0.22265625 0.3408203125 0.251953125 0.3349609375 0.251953125 0.3017578125 0.236328125 0.2529296875 0.2099609375 0.248046875 0.19140625 0.2646484375 0.189453125 0.3271484375 0.1962890625 0.341796875
2 0.326171875 0.2666015625 0.326171875 0.2236328125 0.318359375 0.1982421875 0.2958984375 0.18359375 0.2705078125 0.19140625 0.263671875 0.2060546875 0.265625 0.2548828125 0.2802734375 0.267578125
2 0.205078125 0.1748046875 0.244140625 0.1708984375 0.244140625 0.1201171875 0.2294921875 0.08984375 0.2041015625 0.08984375 0.197265625 0.0986328125 0.193359375 0.1650390625 0.1962890625 0.173828125
2 0.3828125 0.5654296875 0.3916015625 0.55859375 0.4130859375 0.55859375 0.4267578125 0.537109375 0.4453125 0.5302734375 0.439453125 0.4775390625 0.42578125 0.4423828125 0.4130859375 0.431640625 0.3798828125 0.43359375 0.37109375 0.4404296875 0.36328125 0.4931640625 0.365234375 0.5439453125
2 0.4296875 0.6513671875 0.4521484375 0.638671875 0.4775390625 0.63671875 0.4970703125 0.642578125 0.5078125 0.6357421875 0.494140625 0.5712890625 0.4736328125 0.53515625 0.4287109375 0.537109375 0.41796875 0.5556640625 0.412109375 0.6376953125 0.4169921875 0.6484375
2 0.51171875 0.7958984375 0.515625 0.6689453125 0.53515625 0.6591796875 0.5263671875 0.64453125 0.4892578125 0.6484375 0.484375 0.6630859375 0.462890625 0.6865234375 0.46484375 0.7509765625 0.48046875 0.7705078125 0.48046875 0.7861328125 0.4931640625 0.796875
2 0.125 0.8681640625 0.126953125 0.8115234375 0.109375 0.7236328125 0.0986328125 0.716796875 0.0537109375 0.720703125 0.04296875 0.7333984375 0.0390625 0.7626953125 0.05859375 0.7744140625 0.05859375 0.8623046875 0.0615234375 0.8671875
2 0.78515625 0.9990234375 0.818359375 0.9873046875 0.82421875 0.9521484375 0.83203125 0.9423828125 0.818359375 0.9150390625 0.802734375 0.9072265625 0.80078125 0.8779296875 0.810546875 0.8662109375 0.810546875 0.8525390625 0.7919921875 0.83203125 0.7333984375 0.83203125 0.724609375 0.8369140625 0.7109375 0.8837890625 0.712890625 0.9716796875 0.7314453125 0.98046875 0.7431640625 1
2 0.18359375 0.9990234375 0.17578125 0.9345703125 0.1572265625 0.908203125 0.1162109375 0.89453125 0.0947265625 0.8984375 0.0625 0.9208984375 0.0615234375 1
2 0.689453125 0.9990234375 0.671875 0.8310546875 0.673828125 0.7412109375 0.640625 0.6669921875 0.6318359375 0.65625 0.5205078125 0.666015625 0.513671875 0.7060546875 0.517578125 0.8623046875 0.525390625 0.9072265625 0.533203125 0.9169921875 0.53515625 0.9677734375 0.5556640625 1
4 0.689453125 0.9990234375 0.671875 0.8310546875 0.673828125 0.7412109375 0.640625 0.6669921875 0.6318359375 0.65625 0.5205078125 0.666015625 0.513671875 0.7060546875 0.517578125 0.8623046875 0.525390625 0.9072265625 0.533203125 0.9169921875 0.53515625 0.9677734375 0.5556640625 1
4 0.19921875 0.0478515625 0.208984375 0.0400390625 0.20703125 0.0009765625 0.1689453125 0 0.16796875 0.0439453125 0.1728515625 0.048828125
8 0.482421875 0.4033203125 0.48828125 0.3876953125 0.490234375 0.3212890625 0.4736328125 0.29296875 0.46484375 0.3330078125 0.46875 0.3798828125
8 0.53125 0.6259765625 0.537109375 0.5927734375 0.53515625 0.5361328125 0.541015625 0.5263671875 0.5234375 0.4833984375 0.5166015625 0.482421875 0.505859375 0.5146484375 0.505859375 0.5380859375 0.51171875 0.5498046875 0.51171875 0.5927734375 0.525390625 0.6123046875 0.525390625 0.6240234375
8 0.646484375 0.6630859375 0.646484375 0.5849609375 0.65234375 0.5654296875 0.6279296875 0.521484375 0.615234375 0.5595703125 0.6171875 0.6005859375 0.623046875 0.6435546875