2 0.18359375 0.9990234375 0.177734375 0.9482421875 0.1552734375 0.91015625 0.1279296875 0.900390625 0.1044921875 0.90234375 0.0810546875 0.91015625 0.05859375 0.9306640625 0.0615234375 1
2 0.12109375 0.8681640625 0.126953125 0.8583984375 0.126953125 0.8330078125 0.111328125 0.7333984375 0.0908203125 0.720703125 0.0537109375 0.7265625 0.044921875 0.7392578125 0.041015625 0.7705078125 0.05859375 0.7822265625 0.056640625 0.8583984375 0.0615234375 0.86328125
2 0.244140625 0.4560546875 0.28515625 0.4404296875 0.28515625 0.3857421875 0.27734375 0.3740234375 0.275390625 0.3544921875 0.2607421875 0.337890625 0.2490234375 0.3359375 0.2333984375 0.33984375 0.22265625 0.3544921875 0.224609375 0.4541015625
2 0.375 0.4013671875 0.380859375 0.3955078125 0.380859375 0.3642578125 0.361328125 0.3017578125 0.3486328125 0.29296875 0.3154296875 0.298828125 0.306640625 0.3193359375 0.30859375 0.3779296875 0.3232421875 0.3984375
2 0.478515625 0.4091796875 0.478515625 0.3720703125 0.462890625 0.3173828125 0.4482421875 0.306640625 0.4189453125 0.310546875 0.408203125 0.3427734375 0.41015625 0.3935546875 0.4248046875 0.408203125
2 0.39453125 0.3310546875 0.4072265625 0.330078125 0.4189453125 0.310546875 0.447265625 0.3037109375 0.447265625 0.2802734375 0.4267578125 0.244140625 0.3994140625 0.2421875 0.388671875 0.2490234375 0.380859375 0.2822265625 0.380859375 0.3271484375
2 0.302734375 0.3271484375 0.3115234375 0.30078125 0.345703125 0.2900390625 0.345703125 0.2744140625 0.3310546875 0.240234375 0.3037109375 0.2421875 0.294921875 0.2509765625 0.2890625 0.3037109375 0.296875 0.3251953125
2 0.2890625 0.2822265625 0.294921875 0.2490234375 0.322265625 0.2373046875 0.31640625 0.2080078125 0.3037109375 0.193359375 0.2744140625 0.1953125 0.265625 0.2021484375 0.263671875 0.2685546875 0.2744140625 0.283203125
2 0.765625 0.9990234375 0.771484375 0.9951171875 0.771484375 0.9794921875 0.7939453125 0.955078125 0.8193359375 0.947265625 0.822265625 0.9326171875 0.8125 0.9052734375 0.802734375 0.8974609375 0.80078125 0.8681640625 0.78125 0.8232421875 0.7705078125 0.814453125 0.7236328125 0.818359375 0.7021484375 0.828125 0.69140625 0.8447265625 0.69140625 0.9384765625 0.71875 0.9814453125 0.7197265625 1
2 0.68359375 0.8701171875 0.697265625 0.8310546875 0.73828125 0.8095703125 0.72265625 0.7314453125 0.7041015625 0.703125 0.6728515625 0.703125 0.6494140625 0.7109375 0.63671875 0.7490234375 0.63671875 0.8115234375 0.65234375 0.8623046875 0.6669921875 0.87109375
2 0.6328125 0.7666015625 0.646484375 0.7138671875 0.6572265625 0.705078125 0.697265625 0.7001953125 0.6953125 0.6708984375 0.68359375 0.6337890625 0.666015625 0.6005859375 0.6552734375 0.59375 0.6201171875 0.595703125 0.609375 0.6025390625 0.59765625 0.6572265625 0.59765625 0.7353515625 0.615234375 0.7509765625 0.6220703125 0.767578125
2 0.591796875 0.6845703125 0.609375 0.6005859375 0.642578125 0.5927734375 0.6328125 0.5556640625 0.6181640625 0.548828125 0.5810546875 0.55078125 0.5703125 0.5751953125 0.56640625 0.6552734375 0.5703125 0.6689453125 0.5869140625 0.673828125