2 0.28125 0.9990234375 0.28515625 0.9736328125 0.30859375 0.9365234375 0.30859375 0.8408203125 0.2880859375 0.8203125 0.2294921875 0.814453125 0.21484375 0.8251953125 0.19921875 0.8701171875 0.197265625 0.8974609375 0.185546875 0.9072265625 0.1796875 0.9443359375 0.2109375 0.9599609375 0.228515625 0.9794921875 0.2314453125 1
2 0.2265625 0.9990234375 0.224609375 0.9755859375 0.2041015625 0.955078125 0.1806640625 0.947265625 0.1337890625 0.94921875 0.11328125 0.9755859375 0.10546875 0.9970703125
2 0.337890625 0.8701171875 0.34765625 0.8642578125 0.3515625 0.8388671875 0.361328125 0.8212890625 0.361328125 0.7353515625 0.3515625 0.7119140625 0.3408203125 0.705078125 0.2958984375 0.703125 0.287109375 0.7099609375 0.2734375 0.7470703125 0.267578125 0.7978515625 0.2822265625 0.818359375 0.2919921875 0.8203125 0.30859375 0.8369140625 0.3125 0.8701171875
2 0.37890625 0.7666015625 0.3828125 0.7470703125 0.3994140625 0.736328125 0.40234375 0.7275390625 0.40234375 0.6455078125 0.3896484375 0.599609375 0.3466796875 0.59375 0.333984375 0.6025390625 0.31640625 0.6357421875 0.302734375 0.6982421875 0.3466796875 0.70703125 0.361328125 0.7275390625 0.3671875 0.7626953125
2 0.412109375 0.6884765625 0.43359375 0.6572265625 0.4296875 0.5732421875 0.4189453125 0.55078125 0.3759765625 0.55078125 0.3671875 0.5576171875 0.359375 0.5908203125 0.390625 0.6005859375 0.40234375 0.6396484375 0.404296875 0.6826171875
2 0.595703125 0.3740234375 0.61328125 0.3173828125 0.609375 0.2880859375 0.5986328125 0.271484375 0.5673828125 0.271484375 0.5546875 0.2939453125 0.544921875 0.3310546875 0.544921875 0.3662109375 0.5556640625 0.373046875
2 0.619140625 0.3017578125 0.623046875 0.2607421875 0.615234375 0.2353515625 0.6103515625 0.23046875 0.5791015625 0.232421875 0.5703125 0.2451171875 0.56640625 0.2685546875 0.6005859375 0.2734375 0.611328125 0.2978515625
2 0.6875 0.3740234375 0.697265625 0.3662109375 0.703125 0.3466796875 0.69921875 0.2861328125 0.6904296875 0.2734375 0.6591796875 0.271484375 0.650390625 0.2802734375 0.63671875 0.3232421875 0.6328125 0.3603515625 0.6416015625 0.37109375
2 0.69140625 0.3720703125 0.703125 0.3466796875 0.7109375 0.2470703125 0.7060546875 0.234375 0.6806640625 0.228515625 0.66796875 0.2392578125 0.662109375 0.2685546875 0.65234375 0.2763671875 0.642578125 0.2998046875 0.6328125 0.3603515625 0.6416015625 0.37109375
2 0.728515625 0.2822265625 0.73828125 0.2568359375 0.734375 0.2041015625 0.7255859375 0.193359375 0.6962890625 0.19140625 0.685546875 0.2041015625 0.68359375 0.2275390625 0.708984375 0.2353515625 0.712890625 0.2763671875 0.7177734375 0.283203125
2 0.7578125 0.3837890625 0.791015625 0.3662109375 0.79296875 0.3037109375 0.787109375 0.2900390625 0.7763671875 0.283203125 0.75 0.2861328125 0.732421875 0.3388671875 0.734375 0.3740234375 0.7470703125 0.384765625
2 0.806640625 0.3134765625 0.814453125 0.2529296875 0.8037109375 0.2421875 0.7783203125 0.23828125 0.76953125 0.2431640625 0.763671875 0.2802734375 0.7822265625 0.28515625 0.796875 0.3134765625
2 0.89453125 0.8681640625 0.94140625 0.8603515625 0.94140625 0.7763671875 0.958984375 0.7666015625 0.955078125 0.7333984375 0.9443359375 0.724609375 0.9013671875 0.720703125 0.890625 0.7314453125 0.880859375 0.7685546875 0.873046875 0.8662109375
2 0.951171875 0.7490234375 0.951171875 0.7333984375 0.9404296875 0.7265625 0.9033203125 0.72265625 0.89453125 0.7314453125 0.90234375 0.7392578125 0.896484375 0.7451171875 0.9033203125 0.748046875
2 0.939453125 0.9990234375 0.94140625 0.9287109375 0.9287109375 0.9140625 0.9052734375 0.900390625 0.8701171875 0.8984375 0.83984375 0.9150390625 0.818359375 0.9658203125 0.8193359375 1
10 0.412109375 0.3779296875 0.412109375 0.3564453125 0.419921875 0.3466796875 0.41796875 0.3154296875 0.423828125 0.3076171875 0.4189453125 0.26953125 0.412109375 0.2724609375 0.412109375 0.2880859375 0.404296875 0.3017578125 0.40234375 0.3720703125
8 0.51171875 0.4033203125 0.51953125 0.3876953125 0.5263671875 0.390625 0.529296875 0.3857421875 0.529296875 0.3330078125 0.5166015625 0.296875 0.501953125 0.3271484375 0.50390625 0.3837890625
8 0.6171875 0.4267578125 0.62890625 0.4150390625 0.62890625 0.3896484375 0.623046875 0.3486328125 0.6083984375 0.345703125 0.6015625 0.3896484375 0.607421875 0.4228515625
9 0.986328125 0.6630859375 0.9921875 0.5556640625 0.9833984375 0.53515625 0.96484375 0.5927734375 0.974609375 0.6123046875 0.974609375 0.6572265625
9 0.7734375 0.1533203125 0.7734375 0.0830078125 0.7685546875 0.076171875 0.7431640625 0.076171875 0.728515625 0.1162109375 0.728515625 0.1474609375
1 0.84375 0.2548828125 0.861328125 0.1669921875 0.87109375 0.0556640625 0.8603515625 0.03515625 0.8115234375 0.03125 0.798828125 0.0478515625 0.78125 0.0947265625 0.779296875 0.2333984375 0.7900390625 0.236328125 0.7998046875 0.2265625 0.806640625 0.2333984375 0.8056640625 0.2421875