13 0.255859375 0.4755859375 0.2578125 0.3837890625 0.2431640625 0.376953125 0.234375 0.3837890625 0.232421875 0.4404296875 0.240234375 0.4462890625 0.240234375 0.4638671875
13 0.373046875 0.4248046875 0.375 0.2978515625 0.380859375 0.2802734375 0.3779296875 0.1640625 0.3671875 0.2529296875 0.365234375 0.4228515625
8 0.359375 0.7119140625 0.361328125 0.6943359375 0.37109375 0.6943359375 0.380859375 0.6220703125 0.380859375 0.5966796875 0.3701171875 0.564453125 0.36328125 0.5673828125 0.34765625 0.6044921875 0.35546875 0.6201171875 0.3515625 0.7080078125
8 0.6015625 0.5009765625 0.603515625 0.4912109375 0.611328125 0.4892578125 0.6171875 0.4619140625 0.619140625 0.4052734375 0.6103515625 0.376953125 0.6015625 0.3818359375 0.58984375 0.4052734375 0.591796875 0.4990234375
2 0.57421875 0.6474609375 0.587890625 0.6376953125 0.58984375 0.6240234375 0.6015625 0.6103515625 0.6015625 0.5322265625 0.5888671875 0.50390625 0.5439453125 0.501953125 0.53125 0.5146484375 0.525390625 0.5361328125 0.517578125 0.5400390625 0.513671875 0.6318359375 0.5205078125 0.638671875
2 0.939453125 0.9990234375 0.94140625 0.9287109375 0.9287109375 0.9140625 0.9091796875 0.90234375 0.8701171875 0.8984375 0.837890625 0.9169921875 0.81640625 0.9697265625 0.8173828125 1
2 0.89453125 0.8681640625 0.943359375 0.8564453125 0.943359375 0.7783203125 0.9609375 0.7685546875 0.9609375 0.7568359375 0.951171875 0.7275390625 0.9423828125 0.72265625 0.8955078125 0.72265625 0.87109375 0.7861328125 0.876953125 0.7958984375 0.873046875 0.8642578125 0.8779296875 0.869140625
2 0.62890625 0.3017578125 0.642578125 0.2861328125 0.640625 0.2197265625 0.6162109375 0.203125 0.5986328125 0.203125 0.587890625 0.2138671875 0.578125 0.2529296875 0.5849609375 0.259765625 0.6064453125 0.26171875 0.6171875 0.3017578125
2 0.71484375 0.3662109375 0.7294921875 0.349609375 0.7392578125 0.34765625 0.7509765625 0.357421875 0.755859375 0.3427734375 0.75390625 0.2919921875 0.74609375 0.2724609375 0.7275390625 0.263671875 0.7041015625 0.263671875 0.6884765625 0.271484375 0.658203125 0.3232421875 0.658203125 0.3505859375 0.6669921875 0.36328125
2 0.552734375 0.3583984375 0.5634765625 0.349609375 0.6064453125 0.34765625 0.61328125 0.3427734375 0.61328125 0.2861328125 0.6025390625 0.263671875 0.5751953125 0.259765625 0.560546875 0.2724609375 0.546875 0.3134765625 0.544921875 0.3564453125
2 0.6796875 0.2802734375 0.7001953125 0.263671875 0.740234375 0.2626953125 0.73828125 0.2080078125 0.7216796875 0.1875 0.6982421875 0.1875 0.68359375 0.2041015625 0.673828125 0.2548828125 0.673828125 0.2802734375
2 0.802734375 0.2861328125 0.810546875 0.2568359375 0.82421875 0.2490234375 0.82421875 0.2099609375 0.8134765625 0.201171875 0.7900390625 0.19921875 0.779296875 0.2119140625 0.771484375 0.2392578125 0.76953125 0.2822265625
2 0.763671875 0.0517578125 0.763671875 0.0009765625 0.7333984375 0 0.7265625 0.0126953125 0.728515625 0.0458984375
2 0.75390625 0.2470703125 0.76171875 0.2431640625 0.767578125 0.2236328125 0.76171875 0.1689453125 0.7568359375 0.158203125 0.7275390625 0.15625 0.716796875 0.1806640625 0.734375 0.1962890625 0.744140625 0.2412109375
2 0.8359375 0.2216796875 0.837890625 0.1767578125 0.8251953125 0.16796875 0.8017578125 0.169921875 0.79296875 0.1962890625 0.8193359375 0.203125 0.826171875 0.2177734375
8 0.734375 0.1494140625 0.7421875 0.1025390625 0.736328125 0.0791015625 0.7294921875 0.076171875 0.72265625 0.0966796875 0.72265625 0.1376953125 0.7265625 0.1494140625
8 0.27734375 0.9990234375 0.26953125 0.9873046875 0.267578125 0.9638671875 0.2587890625 0.95703125 0.25 0.9677734375 0.244140625 0.9990234375