2 0.61328125 0.4638671875 0.6552734375 0.4609375 0.66796875 0.4462890625 0.669921875 0.3779296875 0.662109375 0.3525390625 0.6533203125 0.345703125 0.6162109375 0.345703125 0.609375 0.3544921875 0.59375 0.4150390625 0.59375 0.4560546875 0.6005859375 0.46484375
2 0.48828125 0.4697265625 0.4931640625 0.458984375 0.5048828125 0.45703125 0.5322265625 0.46875 0.537109375 0.4521484375 0.546875 0.4482421875 0.546875 0.3818359375 0.541015625 0.3642578125 0.5302734375 0.35546875 0.4931640625 0.357421875 0.47265625 0.3955078125 0.466796875 0.4677734375
2 0.681640625 0.3505859375 0.69921875 0.3408203125 0.69921875 0.2783203125 0.6884765625 0.26171875 0.6591796875 0.255859375 0.65234375 0.2587890625 0.640625 0.2880859375 0.634765625 0.3369140625 0.6474609375 0.34375 0.6650390625 0.33984375
2 0.591796875 0.2861328125 0.5986328125 0.27734375 0.6220703125 0.279296875 0.638671875 0.2646484375 0.640625 0.2119140625 0.62890625 0.2060546875 0.62109375 0.1806640625 0.6142578125 0.17578125 0.5859375 0.1826171875 0.5703125 0.2373046875 0.5703125 0.2841796875
2 0.724609375 0.2705078125 0.740234375 0.2490234375 0.740234375 0.2021484375 0.7275390625 0.185546875 0.6923828125 0.1796875 0.671875 0.2001953125 0.669921875 0.2509765625 0.7001953125 0.267578125
2 0.90234375 0.8681640625 0.9248046875 0.861328125 0.9365234375 0.865234375 0.94140625 0.8564453125 0.94140625 0.7744140625 0.95703125 0.7646484375 0.955078125 0.7294921875 0.9423828125 0.720703125 0.8935546875 0.720703125 0.87890625 0.7724609375 0.87109375 0.7822265625 0.873046875 0.8662109375
2 0.939453125 0.9990234375 0.94140625 0.9287109375 0.9189453125 0.904296875 0.8837890625 0.89453125 0.8681640625 0.896484375 0.8125 0.9248046875 0.798828125 0.9794921875 0.8017578125 1
8 0.69140625 0.6552734375 0.701171875 0.6298828125 0.703125 0.5712890625 0.708984375 0.5595703125 0.6923828125 0.513671875 0.685546875 0.5205078125 0.67578125 0.5576171875 0.67578125 0.6201171875 0.681640625 0.6494140625
8 0.48046875 0.6904296875 0.482421875 0.6728515625 0.4912109375 0.67578125 0.494140625 0.6708984375 0.501953125 0.5908203125 0.4912109375 0.541015625 0.482421875 0.5439453125 0.478515625 0.5615234375 0.46484375 0.5791015625 0.47265625 0.6025390625 0.466796875 0.6494140625 0.47265625 0.6884765625
2 0.826171875 0.0498046875 0.83203125 0.0439453125 0.830078125 0.0009765625 0.7958984375 0 0.791015625 0.0400390625 0.8017578125 0.048828125
2 0.771484375 0.0400390625 0.77734375 0.0009765625 0.7373046875 0 0.734375 0.0361328125
2 0.748046875 0.1826171875 0.7607421875 0.1796875 0.771484375 0.1630859375 0.767578125 0.1025390625 0.7607421875 0.095703125 0.6865234375 0.08984375 0.67578125 0.1103515625 0.65625 0.1201171875 0.65625 0.1533203125 0.640625 0.1572265625 0.6884765625 0.16796875 0.7119140625 0.1796875 0.748046875 0.1826171875