8 0.396484375 0.9990234375 0.416015625 0.9580078125 0.41796875 0.9345703125 0.412109375 0.9130859375 0.419921875 0.8818359375 0.419921875 0.8720703125 0.40625 0.8623046875 0.40625 0.8388671875 0.3994140625 0.830078125 0.384765625 0.8662109375 0.373046875 0.8759765625 0.375 0.8974609375 0.3828125 0.9072265625 0.384765625 0.9990234375
9 0.748046875 0.9892578125 0.765625 0.8740234375 0.7490234375 0.814453125 0.7421875 0.8193359375 0.7421875 0.8388671875 0.732421875 0.8564453125 0.734375 0.9873046875
2 0.939453125 0.9990234375 0.94140625 0.9365234375 0.9287109375 0.916015625 0.8837890625 0.900390625 0.8603515625 0.90234375 0.841796875 0.9130859375 0.81640625 0.9697265625 0.8173828125 1
2 0.896484375 0.8681640625 0.9345703125 0.86328125 0.943359375 0.8564453125 0.943359375 0.7783203125 0.955078125 0.7724609375 0.95703125 0.7587890625 0.953125 0.7333984375 0.9384765625 0.724609375 0.8955078125 0.724609375 0.8828125 0.7548828125 0.873046875 0.8662109375
2 0.55859375 0.7294921875 0.576171875 0.6865234375 0.576171875 0.5927734375 0.5458984375 0.58203125 0.5126953125 0.58203125 0.48828125 0.6376953125 0.48046875 0.6728515625 0.48046875 0.7177734375 0.4873046875 0.7265625
13 0.4453125 0.2255859375 0.451171875 0.1201171875 0.4462890625 0.111328125 0.4287109375 0.109375 0.423828125 0.1162109375 0.423828125 0.1513671875 0.412109375 0.1611328125 0.41015625 0.2001953125 0.427734375 0.2060546875 0.4306640625 0.224609375
13 0.255859375 0.4462890625 0.2578125 0.3857421875 0.2373046875 0.380859375 0.232421875 0.4423828125 0.2373046875 0.447265625
2 0.611328125 0.4599609375 0.6201171875 0.453125 0.6455078125 0.45703125 0.654296875 0.4423828125 0.65234375 0.3681640625 0.6484375 0.3525390625 0.6337890625 0.345703125 0.6083984375 0.345703125 0.58984375 0.3779296875 0.583984375 0.4482421875
2 0.69140625 0.3564453125 0.701171875 0.3447265625 0.701171875 0.3076171875 0.693359375 0.2744140625 0.6884765625 0.267578125 0.6572265625 0.265625 0.63671875 0.3017578125 0.6328125 0.3427734375 0.6552734375 0.357421875
9 0.736328125 0.1669921875 0.73828125 0.0966796875 0.7333984375 0.095703125 0.724609375 0.1259765625 0.728515625 0.1474609375 0.720703125 0.1572265625
1 0.8359375 0.2548828125 0.84765625 0.2451171875 0.84765625 0.1787109375 0.861328125 0.1435546875 0.865234375 0.0322265625 0.8447265625 0.021484375 0.8076171875 0.01953125 0.79296875 0.0458984375 0.775390625 0.1142578125 0.779296875 0.2099609375 0.8115234375 0.25
13 0.376953125 0.2900390625 0.3828125 0.2548828125 0.3720703125 0.251953125 0.37109375 0.2861328125