8 0.69140625 0.6552734375 0.701171875 0.6279296875 0.70703125 0.5615234375 0.6923828125 0.517578125 0.685546875 0.5224609375 0.67578125 0.5654296875 0.677734375 0.6259765625 0.68359375 0.6533203125
8 0.482421875 0.6904296875 0.494140625 0.6708984375 0.498046875 0.6357421875 0.5 0.5830078125 0.4892578125 0.541015625 0.466796875 0.5791015625 0.47265625 0.6005859375 0.466796875 0.6220703125 0.47265625 0.6884765625
8 0.5546875 0.2802734375 0.5625 0.2138671875 0.5556640625 0.181640625 0.541015625 0.2177734375 0.546875 0.2724609375
2 0.474609375 0.4677734375 0.4931640625 0.439453125 0.5087890625 0.44921875 0.544921875 0.4482421875 0.546875 0.3876953125 0.5341796875 0.357421875 0.4970703125 0.35546875 0.48828125 0.3623046875 0.47265625 0.3974609375 0.466796875 0.4345703125 0.46875 0.4658203125
2 0.65625 0.4521484375 0.666015625 0.4443359375 0.669921875 0.4228515625 0.662109375 0.3505859375 0.6357421875 0.34375 0.6162109375 0.345703125 0.59375 0.4169921875 0.59765625 0.4501953125
2 0.677734375 0.3564453125 0.697265625 0.3408203125 0.69921875 0.2783203125 0.6884765625 0.26171875 0.6572265625 0.255859375 0.640625 0.2861328125 0.634765625 0.3369140625
2 0.619140625 0.2939453125 0.634765625 0.2607421875 0.630859375 0.2275390625 0.6201171875 0.220703125 0.5771484375 0.220703125 0.5703125 0.2373046875 0.5703125 0.2841796875 0.5908203125 0.29296875
2 0.7265625 0.2626953125 0.736328125 0.2412109375 0.736328125 0.2275390625 0.7294921875 0.220703125 0.671875 0.2158203125 0.669921875 0.2490234375 0.6748046875 0.25390625
2 0.90234375 0.8681640625 0.939453125 0.8662109375 0.943359375 0.7763671875 0.955078125 0.7626953125 0.953125 0.7275390625 0.9482421875 0.72265625 0.9013671875 0.716796875 0.890625 0.7255859375 0.880859375 0.7998046875 0.875 0.8076171875 0.873046875 0.8583984375 0.8759765625 0.869140625
2 0.939453125 0.9990234375 0.94140625 0.9287109375 0.9345703125 0.9140625 0.9052734375 0.900390625 0.8564453125 0.892578125 0.8466796875 0.90234375 0.8388671875 0.900390625 0.814453125 0.9130859375 0.80078125 0.9912109375 0.8037109375 1
2 0.826171875 0.0498046875 0.83203125 0.0458984375 0.83203125 0.0009765625 0.7958984375 0 0.79296875 0.0419921875 0.8076171875 0.05078125
2 0.767578125 0.0419921875 0.775390625 0.0380859375 0.77734375 0.0009765625 0.7373046875 0 0.734375 0.0341796875