2 0.435546875 0.6435546875 0.4794921875 0.638671875 0.486328125 0.6318359375 0.482421875 0.5419921875 0.474609375 0.5380859375 0.470703125 0.5185546875 0.4580078125 0.501953125 0.4091796875 0.50390625 0.39453125 0.5537109375 0.3984375 0.6123046875 0.41015625 0.6201171875 0.4169921875 0.642578125
2 0.330078125 0.3642578125 0.33984375 0.3583984375 0.34375 0.3388671875 0.33984375 0.3173828125 0.322265625 0.2861328125 0.2998046875 0.265625 0.2607421875 0.267578125 0.251953125 0.2763671875 0.244140625 0.3017578125 0.24609375 0.3505859375 0.2509765625 0.35546875 0.2587890625 0.34765625 0.2724609375 0.349609375 0.2861328125 0.365234375
2 0.453125 0.3583984375 0.451171875 0.2900390625 0.4326171875 0.263671875 0.3974609375 0.26171875 0.38671875 0.2861328125 0.388671875 0.3447265625 0.4345703125 0.34765625
2 0.380859375 0.3017578125 0.38671875 0.2666015625 0.421875 0.2568359375 0.412109375 0.2138671875 0.3994140625 0.203125 0.3662109375 0.212890625 0.357421875 0.2314453125 0.359375 0.2939453125 0.3701171875 0.302734375
2 0.220703125 0.2861328125 0.23046875 0.2822265625 0.23046875 0.2490234375 0.220703125 0.2099609375 0.2099609375 0.19921875 0.1826171875 0.203125 0.17578125 0.2119140625 0.177734375 0.2412109375 0.19140625 0.2607421875 0.193359375 0.2822265625 0.1962890625 0.287109375
2 0.177734375 0.2041015625 0.205078125 0.1962890625 0.1982421875 0.169921875 0.1748046875 0.169921875 0.162109375 0.1787109375 0.162109375 0.2041015625
2 0.326171875 0.2822265625 0.328125 0.2626953125 0.318359375 0.2216796875 0.2822265625 0.22265625 0.275390625 0.2607421875 0.3017578125 0.265625
2 0.255859375 0.1943359375 0.283203125 0.1806640625 0.2724609375 0.15625 0.2451171875 0.158203125 0.240234375 0.1650390625 0.23828125 0.1923828125
2 0.25390625 0.0517578125 0.2734375 0.0478515625 0.2734375 0.0146484375 0.2666015625 0 0.2373046875 0 0.232421875 0.0498046875
2 0.18359375 0.9990234375 0.177734375 0.9462890625 0.16015625 0.9130859375 0.1455078125 0.90234375 0.0927734375 0.90234375 0.05859375 0.9267578125 0.0595703125 1
2 0.123046875 0.8681640625 0.123046875 0.7822265625 0.107421875 0.7255859375 0.0986328125 0.720703125 0.0576171875 0.72265625 0.046875 0.7333984375 0.04296875 0.7548828125 0.04296875 0.7705078125 0.05859375 0.7822265625 0.056640625 0.8583984375 0.0986328125 0.869140625
8 0.646484375 0.7099609375 0.64453125 0.6220703125 0.650390625 0.6005859375 0.63671875 0.5673828125 0.6298828125 0.564453125 0.619140625 0.5986328125 0.619140625 0.6201171875 0.62890625 0.6904296875 0.6318359375 0.6953125 0.640625 0.6923828125 0.640625 0.7099609375
8 0.40234375 0.5029296875 0.408203125 0.4990234375 0.41015625 0.4072265625 0.396484375 0.3798828125 0.3896484375 0.376953125 0.38671875 0.3994140625 0.380859375 0.4033203125 0.3828125 0.4638671875 0.388671875 0.4912109375
8 0.271484375 0.1513671875 0.27734375 0.1396484375 0.279296875 0.1025390625 0.2734375 0.0810546875 0.2666015625 0.076171875 0.2578125 0.1044921875 0.259765625 0.1337890625
8 0.212890625 0.1005859375 0.23046875 0.0517578125 0.21484375 0.0419921875 0.212890625 0.0283203125 0.2060546875 0.025390625 0.201171875 0.0732421875 0.205078125 0.0947265625
13 0.7578125 0.4462890625 0.767578125 0.4384765625 0.7626953125 0.37890625 0.744140625 0.3818359375 0.744140625 0.4423828125
13 0.62890625 0.2880859375 0.630859375 0.2509765625 0.6259765625 0.24609375 0.6171875 0.2548828125 0.6171875 0.2763671875 0.62109375 0.2861328125
11 0.89453125 0.6123046875 1 0.5966796875 0.9990234375 0.462890625 0.9462890625 0.46484375 0.86328125 0.4833984375 0.8671875 0.6103515625