2 0.51953125 0.4716796875 0.533203125 0.4658203125 0.533203125 0.4306640625 0.513671875 0.3662109375 0.5048828125 0.35546875 0.4677734375 0.353515625 0.458984375 0.3623046875 0.453125 0.3876953125 0.453125 0.4482421875 0.4658203125 0.4609375 0.5029296875 0.458984375 0.5068359375 0.47265625
2 0.3984375 0.4599609375 0.404296875 0.4541015625 0.40625 0.4169921875 0.390625 0.3564453125 0.3837890625 0.345703125 0.3447265625 0.345703125 0.337890625 0.3525390625 0.33203125 0.3798828125 0.33203125 0.4443359375 0.3486328125 0.4609375
2 0.32421875 0.3505859375 0.3349609375 0.341796875 0.3564453125 0.34375 0.365234375 0.3369140625 0.359375 0.2880859375 0.3447265625 0.255859375 0.3134765625 0.259765625 0.30078125 0.2744140625 0.30078125 0.3369140625 0.3076171875 0.34765625
2 0.392578125 0.2880859375 0.40234375 0.2861328125 0.3876953125 0.28515625 0.3876953125 0.275390625 0.3955078125 0.28125 0.4130859375 0.27734375 0.4189453125 0.287109375 0.4267578125 0.287109375 0.431640625 0.2783203125 0.4296875 0.2373046875 0.41796875 0.1943359375 0.41015625 0.1787109375 0.4013671875 0.17578125 0.3818359375 0.177734375 0.37109375 0.2041015625 0.359375 0.2119140625 0.361328125 0.2646484375 0.375 0.2763671875 0.3759765625 0.287109375
2 0.064453125 0.8720703125 0.1220703125 0.87109375 0.126953125 0.8662109375 0.126953125 0.8193359375 0.1171875 0.7529296875 0.109375 0.7236328125 0.0947265625 0.716796875 0.0556640625 0.720703125 0.044921875 0.7333984375 0.044921875 0.7685546875 0.05859375 0.7822265625 0.056640625 0.8603515625
2 0.20703125 0.9990234375 0.20703125 0.9638671875 0.1904296875 0.9140625 0.1162109375 0.89453125 0.0791015625 0.904296875 0.05859375 0.9248046875 0.0615234375 1
8 0.31640625 0.6513671875 0.32421875 0.6162109375 0.32421875 0.5634765625 0.3125 0.5185546875 0.3076171875 0.517578125 0.294921875 0.5439453125 0.29296875 0.5634765625 0.298828125 0.6279296875 0.306640625 0.6494140625
8 0.525390625 0.6904296875 0.533203125 0.6416015625 0.52734375 0.6005859375 0.533203125 0.5966796875 0.53515625 0.5791015625 0.5107421875 0.541015625 0.498046875 0.5869140625 0.50390625 0.6591796875
2 0.1953125 0.0498046875 0.208984375 0.0380859375 0.205078125 0.0009765625 0.1708984375 0 0.16796875 0.0439453125 0.1728515625 0.05078125
2 0.240234375 0.0400390625 0.263671875 0.0341796875 0.2607421875 0 0.224609375 0.0009765625 0.224609375 0.0380859375
2 0.240234375 0.0400390625 0.263671875 0.0341796875 0.2607421875 0 0.224609375 0.0009765625 0.224609375 0.0380859375
13 0.6328125 0.4208984375 0.6328125 0.2646484375 0.6259765625 0.201171875 0.619140625 0.2724609375 0.625 0.2880859375 0.626953125 0.4189453125
13 0.755859375 0.4404296875 0.767578125 0.4365234375 0.7646484375 0.376953125 0.744140625 0.3798828125 0.744140625 0.4384765625