8 0.263671875 0.3876953125 0.267578125 0.3349609375 0.2490234375 0.3125 0.23828125 0.3427734375 0.244140625 0.3779296875
8 0.181640625 0.2177734375 0.189453125 0.1474609375 0.1748046875 0.130859375 0.166015625 0.1572265625 0.169921875 0.1962890625 0.17578125 0.2177734375
8 0.3046875 0.1435546875 0.310546875 0.1201171875 0.30859375 0.0830078125 0.2978515625 0.068359375 0.291015625 0.0849609375 0.29296875 0.1240234375
2 0.5078125 0.7216796875 0.513671875 0.7177734375 0.5078125 0.6103515625 0.5 0.6005859375 0.4921875 0.5576171875 0.4775390625 0.548828125 0.4326171875 0.552734375 0.412109375 0.5927734375 0.41015625 0.6806640625 0.4130859375 0.685546875 0.4248046875 0.677734375 0.4296875 0.6806640625 0.42578125 0.6982421875 0.4365234375 0.708984375 0.4912109375 0.7109375
2 0.6875 0.9990234375 0.67578125 0.9638671875 0.6572265625 0.93359375 0.6083984375 0.931640625 0.595703125 0.9423828125 0.5849609375 1
2 0.8984375 0.9990234375 0.876953125 0.9462890625 0.8544921875 0.91796875 0.8095703125 0.9140625 0.78125 0.9267578125 0.7705078125 1
2 0.4921875 0.5380859375 0.4951171875 0.529296875 0.5146484375 0.521484375 0.5400390625 0.52734375 0.556640625 0.5224609375 0.55078125 0.4443359375 0.537109375 0.4169921875 0.5185546875 0.40625 0.4853515625 0.41015625 0.4765625 0.4306640625 0.470703125 0.5048828125 0.478515625 0.5322265625
2 0.396484375 0.4619140625 0.3984375 0.4150390625 0.376953125 0.3505859375 0.3349609375 0.349609375 0.326171875 0.3642578125 0.3203125 0.4052734375 0.32421875 0.4462890625 0.3349609375 0.4609375
2 0.23828125 0.4736328125 0.2626953125 0.46875 0.271484375 0.4560546875 0.263671875 0.3916015625 0.2431640625 0.37890625 0.2021484375 0.380859375 0.193359375 0.3896484375 0.1875 0.4326171875 0.17578125 0.4443359375 0.17578125 0.4736328125
2 0.439453125 0.3505859375 0.4453125 0.3486328125 0.44921875 0.3349609375 0.44140625 0.2646484375 0.4287109375 0.2421875 0.3935546875 0.240234375 0.384765625 0.2451171875 0.376953125 0.2705078125 0.376953125 0.3310546875 0.3916015625 0.33984375 0.4189453125 0.33984375
2 0.40625 0.2236328125 0.41015625 0.2119140625 0.4013671875 0.1953125 0.3818359375 0.1953125 0.365234375 0.2177734375 0.3681640625 0.224609375
9 0.51953125 0.3642578125 0.5224609375 0.3515625 0.54296875 0.3603515625 0.533203125 0.3115234375 0.5322265625 0.263671875 0.525390625 0.2666015625 0.515625 0.2939453125
13 0.7578125 0.4619140625 0.759765625 0.4443359375 0.765625 0.4404296875 0.765625 0.3896484375 0.7626953125 0.380859375 0.7470703125 0.380859375 0.744140625 0.4404296875 0.75390625 0.4462890625
13 0.6328125 0.4228515625 0.62890625 0.0927734375 0.626953125 0.0615234375 0.6201171875 0.056640625 0.619140625 0.2763671875 0.625 0.2978515625 0.625 0.4130859375 0.626953125 0.4228515625
10 0.126953125 0.6259765625 0.12109375 0.5341796875 0.1123046875 0.53125 0.107421875 0.6201171875 0.1123046875 0.623046875 0.1162109375 0.615234375 0.119140625 0.6259765625
2 0.123046875 0.8681640625 0.126953125 0.8232421875 0.109375 0.7275390625 0.1005859375 0.720703125 0.0517578125 0.724609375 0.044921875 0.7392578125 0.044921875 0.7724609375 0.056640625 0.7802734375 0.056640625 0.8603515625 0.0595703125 0.865234375
2 0.18359375 0.9990234375 0.18359375 0.9677734375 0.17578125 0.9423828125 0.162109375 0.9169921875 0.1455078125 0.90234375 0.0927734375 0.90234375 0.05859375 0.9287109375 0.0595703125 1
2 0.2578125 0.1865234375 0.279296875 0.1767578125 0.27734375 0.1494140625 0.2626953125 0.115234375 0.2392578125 0.115234375 0.232421875 0.1201171875 0.232421875 0.1806640625 0.2392578125 0.1875
2 0.236328125 0.1142578125 0.244140625 0.1064453125 0.236328125 0.0498046875 0.2275390625 0.04296875 0.2099609375 0.044921875 0.19921875 0.0615234375 0.201171875 0.1083984375 0.2080078125 0.115234375
2 0.373046875 0.2802734375 0.380859375 0.2470703125 0.3896484375 0.240234375 0.4140625 0.2373046875 0.408203125 0.2001953125 0.3974609375 0.1875 0.3818359375 0.189453125 0.365234375 0.2138671875 0.361328125 0.2470703125 0.3671875 0.2763671875 0.373046875 0.2802734375