2 0.458984375 0.6123046875 0.46875 0.5986328125 0.470703125 0.5615234375 0.447265625 0.4833984375 0.4365234375 0.4765625 0.4013671875 0.48046875 0.392578125 0.4912109375 0.38671875 0.5361328125 0.38671875 0.5693359375 0.39453125 0.5947265625 0.4091796875 0.609375
2 0.56640625 0.8076171875 0.568359375 0.7490234375 0.544921875 0.6669921875 0.5302734375 0.638671875 0.4951171875 0.640625 0.490234375 0.6611328125 0.4609375 0.6826171875 0.4609375 0.7705078125 0.4892578125 0.798828125 0.5419921875 0.794921875 0.5537109375 0.798828125 0.5595703125 0.80859375
2 0.39453125 0.4169921875 0.396484375 0.3583984375 0.3828125 0.3173828125 0.3681640625 0.298828125 0.3388671875 0.30078125 0.33203125 0.3095703125 0.330078125 0.3427734375 0.322265625 0.3525390625 0.322265625 0.3955078125 0.3310546875 0.404296875 0.3740234375 0.40625
2 0.419921875 0.3505859375 0.4599609375 0.349609375 0.46875 0.3369140625 0.47265625 0.3017578125 0.466796875 0.2705078125 0.4462890625 0.2421875 0.4111328125 0.2421875 0.400390625 0.2685546875 0.3984375 0.3349609375 0.4052734375 0.349609375
2 0.146484375 0.4814453125 0.2431640625 0.470703125 0.2421875 0.4169921875 0.2138671875 0.396484375 0.1650390625 0.400390625 0.1328125 0.4501953125 0.1328125 0.4775390625
2 0.869140625 0.9990234375 0.85546875 0.9658203125 0.8291015625 0.935546875 0.7724609375 0.943359375 0.75390625 0.9833984375 0.7548828125 1
2 0.119140625 0.8701171875 0.126953125 0.8583984375 0.126953125 0.8369140625 0.119140625 0.7685546875 0.107421875 0.7275390625 0.0947265625 0.720703125 0.0556640625 0.72265625 0.046875 0.7333984375 0.044921875 0.7705078125 0.05859375 0.7763671875 0.056640625 0.8583984375 0.0615234375 0.865234375 0.0654296875 0.861328125
2 0.18359375 0.9990234375 0.173828125 0.9365234375 0.1474609375 0.904296875 0.1298828125 0.8984375 0.0986328125 0.900390625 0.0791015625 0.908203125 0.05859375 0.9287109375 0.0595703125 1
1 0.27734375 0.4033203125 0.2890625 0.3857421875 0.2890625 0.2900390625 0.279296875 0.2294921875 0.2451171875 0.15234375 0.2216796875 0.1484375 0.1767578125 0.158203125 0.173828125 0.1767578125 0.18359375 0.2158203125 0.1796875 0.2255859375 0.185546875 0.2314453125 0.1953125 0.3896484375 0.2158203125 0.388671875 0.2353515625 0.404296875
8 0.486328125 0.4697265625 0.494140625 0.3916015625 0.4736328125 0.359375 0.46484375 0.3701171875 0.46484375 0.4404296875 0.478515625 0.4658203125
8 0.37890625 0.3017578125 0.37890625 0.2685546875 0.3662109375 0.240234375 0.353515625 0.2626953125 0.3515625 0.2822265625 0.3583984375 0.298828125
8 0.302734375 0.3583984375 0.30859375 0.3408203125 0.30859375 0.2900390625 0.2939453125 0.263671875 0.28515625 0.2744140625 0.2890625 0.3349609375 0.296875 0.3583984375
10 0.615234375 0.4482421875 0.611328125 0.4091796875 0.619140625 0.3837890625 0.619140625 0.3349609375 0.615234375 0.2978515625 0.6044921875 0.279296875 0.59375 0.3193359375 0.58984375 0.3916015625 0.595703125 0.4482421875