2 0.734375 0.3857421875 0.7509765625 0.384765625 0.755859375 0.3779296875 0.7451171875 0.3671875 0.705078125 0.3525390625 0.69921875 0.2724609375 0.6767578125 0.265625 0.6572265625 0.267578125 0.642578125 0.2958984375 0.638671875 0.3662109375 0.6884765625 0.384765625
2 0.77734375 0.1162109375 0.77734375 0.0634765625 0.7685546875 0.046875 0.7470703125 0.044921875 0.734375 0.0576171875 0.73046875 0.1083984375 0.7353515625 0.11328125
2 0.771484375 0.1904296875 0.771484375 0.1220703125 0.7646484375 0.115234375 0.7392578125 0.11328125 0.728515625 0.1298828125 0.724609375 0.1865234375
11 0.685546875 0.2021484375 0.6953125 0.1904296875 0.697265625 0.1630859375 0.6884765625 0.146484375 0.6728515625 0.14453125 0.6640625 0.1552734375 0.662109375 0.1806640625 0.6708984375 0.201171875
11 0.65234375 0.2138671875 0.6611328125 0.1796875 0.666015625 0.1962890625 0.6748046875 0.203125 0.693359375 0.1943359375 0.6953125 0.1572265625 0.6845703125 0.14453125 0.6748046875 0.14453125 0.6611328125 0.166015625 0.658203125 0.1201171875 0.6259765625 0.1171875 0.62109375 0.1279296875 0.619140625 0.2041015625 0.6279296875 0.212890625
13 0.447265625 0.2236328125 0.44921875 0.1142578125 0.4326171875 0.107421875 0.42578125 0.1220703125 0.42578125 0.1572265625 0.412109375 0.1650390625 0.412109375 0.2001953125 0.427734375 0.2041015625 0.4306640625 0.22265625
13 0.24609375 0.4638671875 0.24609375 0.4482421875 0.255859375 0.4443359375 0.2578125 0.4345703125 0.2578125 0.3818359375 0.2509765625 0.375 0.234375 0.3857421875 0.232421875 0.4150390625 0.232421875 0.4384765625 0.2421875 0.4501953125 0.240234375 0.4619140625
13 0.376953125 0.1376953125 0.3798828125 0.05859375 0.375 0.0615234375 0.373046875 0.0966796875
13 0.373046875 0.4248046875 0.3828125 0.2607421875 0.3759765625 0.15625 0.37109375 0.1650390625 0.3671875 0.2509765625 0.365234375 0.4169921875 0.3671875 0.4248046875
2 0.921875 0.8662109375 0.943359375 0.8583984375 0.943359375 0.7841796875 0.955078125 0.7724609375 0.955078125 0.7353515625 0.9501953125 0.7265625 0.9384765625 0.72265625 0.8994140625 0.72265625 0.890625 0.7294921875 0.880859375 0.7666015625 0.875 0.8603515625 0.8798828125 0.8671875
2 0.94140625 0.9990234375 0.94140625 0.9287109375 0.9287109375 0.9140625 0.9052734375 0.90234375 0.8662109375 0.90234375 0.841796875 0.9150390625 0.822265625 0.9482421875 0.814453125 0.9892578125 0.8173828125 1
2 0.12890625 0.6142578125 0.134765625 0.4853515625 0.1064453125 0.4765625 0.0009765625 0.46484375 0 0.5986328125 0.0380859375 0.607421875