2 0.546875 0.3818359375 0.5986328125 0.37890625 0.603515625 0.3740234375 0.611328125 0.3564453125 0.611328125 0.3251953125 0.60546875 0.2919921875 0.5986328125 0.283203125 0.5693359375 0.28125 0.552734375 0.2919921875 0.541015625 0.3291015625 0.541015625 0.3779296875
4 0.720703125 0.1552734375 0.7255859375 0.1484375 0.7734375 0.1455078125 0.7802734375 0 0.72265625 0.0009765625 0.71484375 0.0576171875 0.71484375 0.1533203125
1 0.82421875 0.2529296875 0.8154296875 0.25 0.8125 0.2412109375 0.8271484375 0.23828125 0.83203125 0.2431640625 0.837890625 0.2041015625 0.86328125 0.1494140625 0.873046875 0.0498046875 0.8603515625 0.037109375 0.8154296875 0.03125 0.806640625 0.0361328125 0.794921875 0.0654296875 0.779296875 0.0849609375 0.77734375 0.1767578125 0.787109375 0.2353515625 0.8037109375 0.2421875 0.8095703125 0.251953125
2 0.94140625 0.9990234375 0.94140625 0.9306640625 0.9248046875 0.912109375 0.9013671875 0.90234375 0.8662109375 0.900390625 0.841796875 0.9130859375 0.822265625 0.9462890625 0.8154296875 1
2 0.892578125 0.8681640625 0.94140625 0.8603515625 0.94140625 0.7763671875 0.953125 0.7705078125 0.9462890625 0.7265625 0.9033203125 0.72265625 0.892578125 0.7294921875 0.875 0.8525390625 0.8779296875 0.8671875
13 0.255859375 0.4462890625 0.2578125 0.3857421875 0.2392578125 0.380859375 0.232421875 0.4404296875 0.2392578125 0.447265625
13 0.443359375 0.2255859375 0.451171875 0.1630859375 0.44921875 0.1142578125 0.4306640625 0.111328125 0.427734375 0.1513671875 0.412109375 0.1630859375 0.412109375 0.2041015625 0.4267578125 0.205078125 0.4296875 0.2236328125
11 0.654296875 0.2138671875 0.66015625 0.1240234375 0.6279296875 0.1171875 0.62109375 0.1318359375 0.619140625 0.2099609375
9 0.8203125 0.4658203125 0.83203125 0.4404296875 0.8359375 0.3583984375 0.8291015625 0.337890625 0.81640625 0.3681640625
11 0.376953125 0.2919921875 0.3828125 0.2568359375 0.3740234375 0.244140625 0.369140625 0.2529296875 0.369140625 0.2919921875
11 0.376953125 0.2919921875 0.3828125 0.2568359375 0.3740234375 0.244140625 0.369140625 0.2529296875 0.369140625 0.2919921875 0.376953125 0.2919921875