6 0.638671875 0.6630859375 0.6533203125 0.654296875 0.6904296875 0.6484375 0.705078125 0.6279296875 0.73046875 0.6083984375 0.7265625 0.5751953125 0.70703125 0.5146484375 0.6806640625 0.5 0.6064453125 0.501953125 0.5947265625 0.50390625 0.58984375 0.5146484375 0.58203125 0.6279296875 0.6064453125 0.662109375
6 0.771484375 0.6044921875 0.7978515625 0.59375 0.8251953125 0.59375 0.830078125 0.5849609375 0.830078125 0.4873046875 0.8017578125 0.462890625 0.7568359375 0.4609375 0.740234375 0.4873046875 0.740234375 0.5791015625 0.7509765625 0.595703125
2 0.73828125 0.7275390625 0.7724609375 0.70703125 0.78515625 0.7099609375 0.7890625 0.6630859375 0.7529296875 0.62109375 0.7255859375 0.615234375 0.693359375 0.6474609375 0.685546875 0.6943359375 0.7158203125 0.7265625
2 0.89453125 0.5888671875 0.904296875 0.5771484375 0.90234375 0.5283203125 0.8955078125 0.515625 0.8798828125 0.51171875 0.87109375 0.5146484375 0.8671875 0.5302734375 0.865234375 0.5791015625 0.8701171875 0.5859375
2 0.970703125 0.7236328125 0.990234375 0.6845703125 0.98828125 0.6376953125 0.9716796875 0.625 0.958984375 0.6357421875 0.9453125 0.6923828125 0.947265625 0.7080078125
2 0.37890625 0.5029296875 0.3828125 0.4755859375 0.3671875 0.3876953125 0.3603515625 0.376953125 0.3447265625 0.375 0.333984375 0.3837890625 0.33203125 0.4052734375 0.3359375 0.4931640625 0.3388671875 0.498046875 0.3662109375 0.494140625 0.3681640625 0.501953125
2 0.330078125 0.4189453125 0.333984375 0.3798828125 0.3515625 0.3720703125 0.349609375 0.3544921875 0.3408203125 0.34765625 0.3291015625 0.349609375 0.32421875 0.3603515625 0.32421875 0.4169921875
2 0.32421875 0.3544921875 0.34375 0.3408203125 0.3369140625 0.30078125 0.322265625 0.3037109375 0.318359375 0.3427734375
2 0.248046875 0.3916015625 0.26953125 0.3857421875 0.267578125 0.3544921875 0.2587890625 0.3359375 0.2421875 0.3408203125 0.236328125 0.3857421875 0.2392578125 0.392578125
2 0.26953125 0.4951171875 0.283203125 0.4892578125 0.2734375 0.4365234375 0.2646484375 0.423828125 0.2470703125 0.42578125 0.23828125 0.4423828125 0.24609375 0.4931640625 0.25 0.4736328125 0.2587890625 0.46484375
9 0.376953125 0.7724609375 0.375 0.7587890625 0.34765625 0.7412109375 0.3515625 0.6572265625 0.3388671875 0.619140625 0.33203125 0.6669921875 0.33984375 0.7666015625 0.3466796875 0.771484375 0.3525390625 0.763671875 0.3623046875 0.771484375
9 0.44140625 0.8095703125 0.4453125 0.7216796875 0.44140625 0.6826171875 0.4365234375 0.6796875 0.42578125 0.7138671875 0.42578125 0.7900390625
9 0.462890625 0.7978515625 0.466796875 0.7373046875 0.47265625 0.7373046875 0.47265625 0.7255859375 0.4619140625 0.681640625 0.447265625 0.7177734375 0.447265625 0.7431640625 0.44921875 0.7705078125 0.45703125 0.7958984375
9 0.5 0.7587890625 0.5 0.6591796875 0.4951171875 0.646484375 0.484375 0.6708984375 0.48046875 0.7470703125 0.484375 0.7490234375 0.4912109375 0.720703125 0.494140625 0.7568359375
9 0.35546875 0.6201171875 0.357421875 0.5615234375 0.353515625 0.5361328125 0.3486328125 0.53515625 0.3359375 0.6123046875 0.3388671875 0.6171875 0.3466796875 0.59765625
9 0.52734375 0.4873046875 0.5224609375 0.419921875 0.513671875 0.4462890625 0.515625 0.4833984375
9 0.541015625 0.4697265625 0.548828125 0.4580078125 0.548828125 0.4345703125 0.5419921875 0.419921875 0.537109375 0.4345703125
9 0.791015625 0.9736328125 0.798828125 0.9326171875 0.810546875 0.9208984375 0.8125 0.8564453125 0.8037109375 0.826171875 0.791015625 0.8701171875