2 0.138671875 0.8330078125 0.1513671875 0.822265625 0.1787109375 0.82421875 0.2236328125 0.81640625 0.2333984375 0.814453125 0.2490234375 0.798828125 0.2802734375 0.796875 0.279296875 0.7431640625 0.265625 0.7138671875 0.2431640625 0.701171875 0.2216796875 0.703125 0.1962890625 0.681640625 0.1455078125 0.6953125 0.130859375 0.7138671875 0.125 0.7607421875 0.126953125 0.8193359375
2 0.240234375 0.4736328125 0.2666015625 0.470703125 0.26953125 0.4658203125 0.265625 0.4169921875 0.2568359375 0.404296875 0.2412109375 0.40625 0.234375 0.4248046875 0.234375 0.4716796875
2 0.24609375 0.3896484375 0.267578125 0.3837890625 0.2548828125 0.3359375 0.2431640625 0.337890625 0.236328125 0.3544921875 0.236328125 0.3896484375
2 0.322265625 0.3583984375 0.3251953125 0.349609375 0.341796875 0.3427734375 0.33984375 0.3115234375 0.3330078125 0.30078125 0.318359375 0.3056640625 0.314453125 0.3447265625
2 0.375 0.4990234375 0.3828125 0.4716796875 0.36328125 0.3896484375 0.3505859375 0.375 0.3349609375 0.376953125 0.328125 0.4091796875 0.333984375 0.4951171875 0.3408203125 0.5 0.3642578125 0.4921875
2 0.87890625 0.7998046875 0.912109375 0.7666015625 0.919921875 0.7470703125 0.921875 0.6982421875 0.8935546875 0.669921875 0.87109375 0.6884765625 0.84765625 0.7412109375 0.8515625 0.7822265625
6 0.73828125 0.6162109375 0.7490234375 0.59765625 0.7666015625 0.60546875 0.7919921875 0.599609375 0.8076171875 0.60546875 0.818359375 0.5986328125 0.810546875 0.5185546875 0.8046875 0.5009765625 0.7861328125 0.48828125 0.7431640625 0.486328125 0.720703125 0.4951171875 0.712890625 0.5966796875 0.7314453125 0.6171875
6 0.90234375 0.5927734375 0.91796875 0.5869140625 0.912109375 0.5732421875 0.916015625 0.4970703125 0.9033203125 0.4765625 0.8857421875 0.47265625 0.8759765625 0.462890625 0.8603515625 0.462890625 0.84765625 0.4951171875 0.84765625 0.5634765625 0.8740234375 0.587890625
2 0.779296875 0.7060546875 0.822265625 0.6728515625 0.826171875 0.6513671875 0.82421875 0.6318359375 0.830078125 0.6220703125 0.818359375 0.6064453125 0.818359375 0.5576171875 0.810546875 0.5166015625 0.8046875 0.5009765625 0.7861328125 0.48828125 0.7275390625 0.48828125 0.720703125 0.4951171875 0.71484375 0.5263671875 0.712890625 0.5986328125 0.734375 0.6259765625 0.732421875 0.6513671875 0.7421875 0.6806640625 0.7587890625 0.69921875
2 0.884765625 0.7978515625 0.9140625 0.7626953125 0.923828125 0.7099609375 0.91796875 0.6923828125 0.8935546875 0.669921875 0.8857421875 0.671875 0.865234375 0.6982421875 0.84765625 0.7431640625 0.853515625 0.7841796875 0.8681640625 0.796875
2 0.97265625 0.8466796875 0.990234375 0.8251953125 1 0.7724609375 1 0.7314453125 0.9873046875 0.70703125 0.9775390625 0.70703125 0.96484375 0.7236328125 0.94140625 0.7822265625 0.9453125 0.8251953125 0.9619140625 0.84375 0.97265625 0.8466796875