2 0.53515625 0.6982421875 0.5595703125 0.697265625 0.57421875 0.6845703125 0.57421875 0.6298828125 0.5615234375 0.599609375 0.5361328125 0.58203125 0.5205078125 0.580078125 0.4990234375 0.5859375 0.458984375 0.6162109375 0.453125 0.6494140625 0.4599609375 0.671875 0.4951171875 0.6796875
2 0.111328125 0.6240234375 0.1337890625 0.611328125 0.140625 0.6005859375 0.138671875 0.5595703125 0.1259765625 0.533203125 0.1103515625 0.537109375 0.09375 0.5634765625 0.09765625 0.6162109375 0.1025390625 0.625
2 0.171875 0.5595703125 0.1904296875 0.55078125 0.1953125 0.5400390625 0.193359375 0.5107421875 0.1767578125 0.490234375 0.162109375 0.4970703125 0.14453125 0.5283203125 0.14453125 0.5517578125
6 0.048828125 0.5791015625 0.0654296875 0.57421875 0.08203125 0.5517578125 0.083984375 0.5302734375 0.0712890625 0.48828125 0.0419921875 0.4921875 0.0234375 0.5126953125 0.0234375 0.5732421875 0.0263671875 0.578125
6 0.083984375 0.5263671875 0.087890625 0.4775390625 0.078125 0.4541015625 0.0478515625 0.455078125 0.041015625 0.4599609375 0.04296875 0.4873046875 0.0712890625 0.48828125
6 0.6328125 0.5087890625 0.6494140625 0.501953125 0.6611328125 0.505859375 0.666015625 0.4990234375 0.671875 0.4365234375 0.6630859375 0.3828125 0.6435546875 0.3828125 0.6328125 0.4091796875 0.615234375 0.4931640625 0.6240234375 0.509765625
2 0.744140625 0.5009765625 0.755859375 0.4970703125 0.763671875 0.4775390625 0.763671875 0.4326171875 0.759765625 0.4150390625 0.7529296875 0.412109375 0.736328125 0.4169921875 0.72265625 0.4775390625 0.72265625 0.4951171875
2 0.673828125 0.4248046875 0.6796875 0.3623046875 0.6591796875 0.353515625 0.650390625 0.3623046875 0.650390625 0.3779296875 0.66796875 0.3857421875
9 0.251953125 0.6005859375 0.255859375 0.5439453125 0.2470703125 0.52734375 0.2421875 0.5634765625
9 0.359375 0.5791015625 0.365234375 0.5146484375 0.357421875 0.4814453125 0.3466796875 0.474609375 0.34375 0.5166015625 0.353515625 0.5791015625
9 0.333984375 0.5615234375 0.337890625 0.5048828125 0.333984375 0.4794921875 0.3271484375 0.47265625 0.3203125 0.4951171875
9 0.677734375 0.6650390625 0.6884765625 0.642578125 0.6923828125 0.65625 0.6953125 0.6513671875 0.6923828125 0.5625 0.6875 0.5654296875 0.681640625 0.6142578125 0.67578125 0.6220703125
9 0.708984375 0.6591796875 0.7109375 0.5322265625 0.7021484375 0.515625 0.693359375 0.6416015625 0.6953125 0.6572265625