2 0.208984375 0.6396484375 0.2158203125 0.630859375 0.2353515625 0.626953125 0.248046875 0.6103515625 0.24609375 0.5810546875 0.23828125 0.5634765625 0.2158203125 0.552734375 0.1845703125 0.56640625 0.16015625 0.5966796875 0.1689453125 0.62890625
2 0.220703125 0.5400390625 0.2412109375 0.53125 0.248046875 0.5146484375 0.234375 0.4833984375 0.2158203125 0.474609375 0.181640625 0.5068359375 0.1923828125 0.53515625
2 0.8203125 0.5283203125 0.833984375 0.5146484375 0.828125 0.4521484375 0.8193359375 0.439453125 0.8017578125 0.439453125 0.791015625 0.4580078125 0.794921875 0.5107421875 0.8037109375 0.5234375
1 1 0.9208984375 0.9990234375 0.6015625 0.9560546875 0.609375 0.8994140625 0.599609375 0.8935546875 0.591796875 0.8603515625 0.59765625 0.8076171875 0.568359375 0.7333984375 0.556640625 0.7001953125 0.5625 0.4912109375 0.525390625 0.4638671875 0.537109375 0.4296875 0.5732421875 0.423828125 0.5986328125 0.427734375 0.7412109375 0.4296875 0.7529296875 0.4423828125 0.767578125 0.4970703125 0.78515625 0.5205078125 0.8046875 0.5419921875 0.802734375 0.5595703125 0.80859375 0.56640625 0.7744140625 0.5830078125 0.75 0.58984375 0.7568359375 0.59375 0.8193359375 0.6005859375 0.828125 0.7431640625 0.869140625 0.7724609375 0.890625 0.8037109375 0.88671875 0.8642578125 0.89453125 0.9306640625 0.9140625
6 0.125 0.5478515625 0.1455078125 0.54296875 0.162109375 0.5263671875 0.158203125 0.4794921875 0.1455078125 0.447265625 0.1064453125 0.45703125 0.091796875 0.4814453125 0.091796875 0.5400390625
6 0.07421875 0.5009765625 0.08984375 0.4853515625 0.0859375 0.4365234375 0.0791015625 0.42578125 0.044921875 0.4365234375 0.041015625 0.4658203125 0.041015625 0.4970703125
6 0.68359375 0.3896484375 0.685546875 0.3251953125 0.6787109375 0.314453125 0.6591796875 0.31640625 0.65234375 0.3349609375 0.65234375 0.3798828125 0.6630859375 0.390625
9 0.244140625 0.9736328125 0.2578125 0.9384765625 0.2578125 0.9287109375 0.251953125 0.9306640625 0.24609375 0.8486328125 0.2470703125 0.84375 0.251953125 0.8466796875 0.251953125 0.8388671875 0.244140625 0.8173828125 0.2314453125 0.810546875 0.224609375 0.8212890625 0.224609375 0.8369140625 0.240234375 0.8818359375 0.244140625 0.9130859375 0.232421875 0.9599609375 0.23828125 0.9736328125
9 0.220703125 0.9189453125 0.232421875 0.8994140625 0.232421875 0.8603515625 0.224609375 0.8330078125 0.228515625 0.7919921875 0.2099609375 0.7578125 0.205078125 0.8037109375 0.22265625 0.8662109375 0.212890625 0.9013671875
9 0.08984375 0.7255859375 0.099609375 0.7060546875 0.09765625 0.6494140625 0.0830078125 0.623046875 0.080078125 0.6650390625 0.091796875 0.7041015625 0.08203125 0.7236328125
9 0.376953125 0.5634765625 0.37890625 0.5068359375 0.3662109375 0.482421875 0.365234375 0.5400390625 0.369140625 0.5595703125
9 0.39453125 0.5712890625 0.3984375 0.5419921875 0.392578125 0.5322265625 0.39453125 0.5087890625 0.3876953125 0.482421875 0.384765625 0.5458984375 0.38671875 0.5654296875
9 0.546875 0.4951171875 0.541015625 0.4853515625 0.54296875 0.4287109375 0.5361328125 0.412109375 0.52734375 0.4541015625 0.533203125 0.4912109375
9 0.455078125 0.3896484375 0.4482421875 0.34375 0.443359375 0.3876953125
9 0.234375 0.4814453125 0.236328125 0.4521484375 0.2275390625 0.439453125 0.224609375 0.4716796875
9 0.306640625 0.5166015625 0.30859375 0.4658203125 0.3017578125 0.4453125 0.296875 0.4931640625 0.298828125 0.5146484375
11 0.384765625 0.6728515625 0.390625 0.6435546875 0.3818359375 0.625 0.375 0.6376953125 0.375 0.6650390625
2 0.734375 0.5029296875 0.7431640625 0.486328125 0.75390625 0.4931640625 0.763671875 0.4404296875 0.765625 0.4189453125 0.7470703125 0.40234375 0.7353515625 0.40234375 0.724609375 0.4150390625 0.720703125 0.4892578125
2 0.791015625 0.4228515625 0.8388671875 0.421875 0.845703125 0.4091796875 0.845703125 0.3974609375 0.8359375 0.3818359375 0.83984375 0.3623046875 0.8212890625 0.34375 0.8076171875 0.341796875 0.77734375 0.3583984375 0.775390625 0.4111328125
8 0.345703125 0.5693359375 0.3515625 0.5361328125 0.34375 0.5048828125 0.3330078125 0.490234375 0.328125 0.5048828125 0.318359375 0.5126953125 0.314453125 0.5478515625 0.3232421875 0.564453125
9 0.599609375 0.9384765625 0.58984375 0.7587890625 0.5830078125 0.75 0.56640625 0.7802734375 0.568359375 0.8701171875 0.576171875 0.9228515625 0.5830078125 0.93359375