2 0.48828125 0.6962890625 0.5048828125 0.67578125 0.5185546875 0.67578125 0.529296875 0.6630859375 0.53125 0.6220703125 0.51953125 0.5849609375 0.5087890625 0.57421875 0.4716796875 0.56640625 0.416015625 0.6044921875 0.408203125 0.6474609375 0.4150390625 0.662109375 0.4326171875 0.66015625 0.4736328125 0.669921875 0.478515625 0.6943359375
2 0.07421875 0.8232421875 0.099609375 0.8017578125 0.10546875 0.7666015625 0.08203125 0.7099609375 0.0673828125 0.6953125 0.0595703125 0.6953125 0.0390625 0.7177734375 0.0390625 0.7587890625 0.04296875 0.7822265625 0.060546875 0.8076171875 0.05859375 0.8173828125
2 0.162109375 0.5791015625 0.16796875 0.5595703125 0.1884765625 0.548828125 0.1953125 0.5380859375 0.193359375 0.5068359375 0.1767578125 0.48828125 0.16015625 0.4970703125 0.146484375 0.5224609375 0.14453125 0.5498046875 0.16015625 0.5595703125
2 0.76171875 0.4794921875 0.76171875 0.4150390625 0.7412109375 0.412109375 0.73046875 0.4755859375
2 0.67578125 0.4130859375 0.677734375 0.3583984375 0.6708984375 0.3515625 0.6591796875 0.3515625 0.650390625 0.3740234375 0.66796875 0.3818359375
6 0.025390625 0.5673828125 0.0400390625 0.560546875 0.046875 0.5498046875 0.044921875 0.5068359375 0.0380859375 0.486328125 0.0185546875 0.48828125 0.005859375 0.4990234375 0.005859375 0.5595703125 0.0166015625 0.568359375
9 0.181640625 0.6748046875 0.181640625 0.6064453125 0.1728515625 0.59375 0.16796875 0.6279296875 0.173828125 0.6416015625 0.173828125 0.6748046875
9 0.083984375 0.6201171875 0.08984375 0.6162109375 0.08984375 0.5751953125 0.0830078125 0.5625 0.078125 0.5810546875
9 0.099609375 0.6142578125 0.109375 0.5869140625 0.1025390625 0.564453125 0.08984375 0.5791015625 0.09375 0.6142578125
9 0.658203125 0.5966796875 0.6689453125 0.58984375 0.6787109375 0.591796875 0.68359375 0.5849609375 0.6728515625 0.498046875 0.66796875 0.5009765625 0.6640625 0.5810546875 0.6484375 0.5947265625
3 0.642578125 0.7080078125 0.650390625 0.6962890625 0.650390625 0.6669921875 0.64453125 0.6533203125 0.6484375 0.6162109375 0.640625 0.5927734375 0.6318359375 0.5859375 0.62109375 0.6396484375 0.623046875 0.6728515625 0.61328125 0.6767578125 0.603515625 0.7001953125 0.6201171875 0.708984375
9 0.50390625 0.5693359375 0.50390625 0.5166015625 0.4970703125 0.501953125 0.48828125 0.5380859375 0.4921875 0.5673828125
9 0.373046875 0.5048828125 0.376953125 0.4716796875 0.3701171875 0.443359375 0.365234375 0.4892578125 0.3671875 0.5029296875