2 0.248046875 0.6337890625 0.2685546875 0.630859375 0.28515625 0.6181640625 0.28515625 0.5869140625 0.259765625 0.5419921875 0.2451171875 0.52734375 0.2314453125 0.525390625 0.2060546875 0.5390625 0.201171875 0.5478515625 0.203125 0.5849609375 0.205078125 0.5966796875 0.2392578125 0.6328125
2 0.392578125 0.5712890625 0.421875 0.5537109375 0.419921875 0.5244140625 0.3779296875 0.48046875 0.3486328125 0.478515625 0.32421875 0.5048828125 0.328125 0.5478515625 0.3330078125 0.5546875 0.3583984375 0.5546875
2 0.14453125 0.6474609375 0.166015625 0.6337890625 0.166015625 0.6064453125 0.1484375 0.5439453125 0.1298828125 0.5234375 0.10546875 0.5400390625 0.107421875 0.5927734375 0.125 0.6435546875
2 0.08203125 0.5751953125 0.09765625 0.5654296875 0.095703125 0.5283203125 0.083984375 0.4853515625 0.0732421875 0.474609375 0.0654296875 0.474609375 0.052734375 0.4853515625 0.052734375 0.5322265625 0.064453125 0.5693359375 0.0712890625 0.576171875
2 0.15234375 0.5322265625 0.177734375 0.5244140625 0.177734375 0.4853515625 0.16015625 0.4521484375 0.1474609375 0.443359375 0.1357421875 0.443359375 0.125 0.4560546875 0.126953125 0.5107421875
2 0.23046875 0.5048828125 0.25390625 0.4951171875 0.25390625 0.4697265625 0.2275390625 0.435546875 0.2099609375 0.43359375 0.1953125 0.4501953125 0.1953125 0.4892578125
2 0.107421875 0.4833984375 0.123046875 0.4755859375 0.126953125 0.4501953125 0.1025390625 0.421875 0.083984375 0.4365234375 0.08203125 0.4560546875 0.0859375 0.4736328125
2 0.130859375 0.4443359375 0.1416015625 0.44140625 0.146484375 0.4287109375 0.1298828125 0.404296875 0.1123046875 0.404296875 0.103515625 0.4208984375 0.1240234375 0.4453125
2 0.037109375 0.5029296875 0.05078125 0.4931640625 0.048828125 0.4619140625 0.04296875 0.4443359375 0.0244140625 0.421875 0.0185546875 0.421875 0.0078125 0.4384765625 0.0078125 0.4580078125 0.0234375 0.4970703125
2 0.0859375 0.4306640625 0.095703125 0.4248046875 0.095703125 0.4072265625 0.087890625 0.3896484375 0.0771484375 0.384765625 0.0625 0.3994140625 0.0625 0.4150390625 0.0673828125 0.427734375
2 0.0625 0.4150390625 0.068359375 0.3798828125 0.0625 0.3662109375 0.0517578125 0.36328125 0.041015625 0.3740234375 0.04296875 0.4091796875 0.0517578125 0.416015625
3 0.1796875 0.7666015625 0.19140625 0.7490234375 0.189453125 0.7001953125 0.1591796875 0.64453125 0.15625 0.7041015625 0.162109375 0.7470703125 0.16796875 0.7646484375
2 0.66015625 0.4150390625 0.666015625 0.4072265625 0.66015625 0.3642578125 0.6533203125 0.353515625 0.6416015625 0.353515625 0.6328125 0.3642578125 0.626953125 0.4072265625 0.6376953125 0.416015625
2 0.625 0.3857421875 0.6328125 0.3466796875 0.6259765625 0.333984375 0.6123046875 0.33203125 0.6015625 0.3486328125 0.59765625 0.3798828125 0.6044921875 0.38671875
2 0.712890625 0.4130859375 0.708984375 0.3603515625 0.7041015625 0.3515625 0.6923828125 0.349609375 0.681640625 0.3701171875 0.681640625 0.4072265625
2 0.71484375 0.3505859375 0.71484375 0.3037109375 0.7041015625 0.296875 0.693359375 0.3115234375 0.69140625 0.3466796875
9 0.80078125 0.4833984375 0.80078125 0.4326171875 0.7939453125 0.42578125 0.7890625 0.4306640625 0.7890625 0.4775390625
9 0.876953125 0.4990234375 0.8701171875 0.431640625 0.861328125 0.4931640625
9 0.84765625 0.4658203125 0.8427734375 0.40234375 0.833984375 0.4619140625
9 0.92578125 0.5400390625 0.92578125 0.4697265625 0.9189453125 0.458984375 0.90625 0.5322265625
2 0.8359375 0.3369140625 0.8330078125 0.31640625 0.83203125 0.3330078125 0.8251953125 0.32421875 0.8203125 0.3349609375
2 0.82421875 0.3134765625 0.83203125 0.3115234375 0.826171875 0.2861328125 0.8154296875 0.279296875 0.80859375 0.2978515625
2 0.837890625 0.3408203125 0.833984375 0.3095703125 0.8212890625 0.3046875 0.818359375 0.3349609375
2 0.8125 0.2822265625 0.81640625 0.2666015625 0.8056640625 0.25390625 0.80078125 0.2783203125