6 0.1640625 0.9970703125 0.2119140625 0.986328125 0.2236328125 0.994140625 0.2431640625 0.994140625 0.2685546875 0.9609375 0.2880859375 0.953125 0.3154296875 0.9296875 0.3466796875 0.9140625 0.3759765625 0.91015625 0.4033203125 0.8984375 0.41015625 0.8916015625 0.4140625 0.8603515625 0.451171875 0.8466796875 0.455078125 0.8212890625 0.4697265625 0.7890625 0.4892578125 0.791015625 0.498046875 0.8017578125 0.501953125 0.8271484375 0.5068359375 0.818359375 0.5078125 0.8271484375 0.513671875 0.8271484375 0.513671875 0.7724609375 0.5078125 0.7470703125 0.4921875 0.7216796875 0.494140625 0.7138671875 0.466796875 0.6767578125 0.44140625 0.6611328125 0.4296875 0.6357421875 0.3935546875 0.595703125 0.3583984375 0.580078125 0.3369140625 0.580078125 0.1650390625 0.63671875 0.1357421875 0.6484375 0.115234375 0.6650390625 0.109375 0.7177734375 0.119140625 0.7490234375 0.140625 0.9462890625 0.1484375 0.9892578125
6 0.07421875 0.7998046875 0.1025390625 0.78125 0.119140625 0.7783203125 0.107421875 0.7060546875 0.111328125 0.6689453125 0.1474609375 0.642578125 0.20703125 0.6220703125 0.1533203125 0.56640625 0.1201171875 0.57421875 0.0576171875 0.607421875 0.041015625 0.6220703125 0.0546875 0.7783203125 0.05859375 0.7958984375
2 0.427734375 0.5517578125 0.451171875 0.5361328125 0.455078125 0.5224609375 0.45703125 0.4892578125 0.4462890625 0.45703125 0.41796875 0.4599609375 0.421875 0.5400390625
2 0.3828125 0.5869140625 0.41015625 0.5693359375 0.4013671875 0.44921875 0.3798828125 0.44921875 0.3388671875 0.4765625 0.3125 0.5087890625 0.306640625 0.5322265625 0.3115234375 0.583984375 0.3564453125 0.576171875
2 0.513671875 0.3427734375 0.5244140625 0.33984375 0.53515625 0.3232421875 0.529296875 0.2900390625 0.5205078125 0.28515625 0.5009765625 0.2890625 0.486328125 0.3154296875 0.486328125 0.3330078125 0.4951171875 0.341796875
6 0.478515625 0.2861328125 0.4931640625 0.283203125 0.498046875 0.2744140625 0.49609375 0.2353515625 0.4853515625 0.22265625 0.4619140625 0.2265625 0.453125 0.2548828125 0.458984375 0.2802734375
6 0.427734375 0.2958984375 0.4443359375 0.291015625 0.45703125 0.2763671875 0.4462890625 0.232421875 0.4150390625 0.234375 0.408203125 0.2470703125 0.41015625 0.2919921875
8 0.451171875 0.9853515625 0.4619140625 0.982421875 0.4755859375 0.966796875 0.5185546875 0.94921875 0.537109375 0.9248046875 0.53515625 0.8798828125 0.48828125 0.8251953125 0.4775390625 0.7890625 0.4609375 0.8017578125 0.453125 0.8525390625 0.4267578125 0.853515625 0.4140625 0.8623046875 0.4140625 0.9052734375 0.423828125 0.9248046875 0.423828125 0.9736328125
13 0.365234375 0.3525390625 0.375 0.3232421875 0.373046875 0.3076171875 0.3623046875 0.302734375 0.349609375 0.3173828125 0.357421875 0.3505859375
13 0.666015625 0.9990234375 0.669921875 0.9541015625 0.693359375 0.9365234375 0.697265625 0.9248046875 0.701171875 0.8720703125 0.703125 0.8076171875 0.6806640625 0.8046875 0.6748046875 0.791015625 0.6640625 0.7958984375 0.6533203125 0.82421875 0.6328125 0.8291015625 0.634765625 0.8466796875 0.609375 0.8642578125 0.609375 0.8779296875 0.62109375 0.8818359375 0.62890625 0.9130859375 0.609375 0.9267578125 0.609375 0.9404296875 0.619140625 0.9443359375 0.625 0.9736328125 0.6171875 0.9814453125 0.623046875 0.9873046875 0.62109375 0.9990234375
13 0.615234375 0.3935546875 0.6171875 0.3740234375 0.626953125 0.3662109375 0.626953125 0.3291015625 0.6201171875 0.32421875 0.59765625 0.3349609375 0.599609375 0.3876953125