2 0.72265625 0.6962890625 0.748046875 0.6787109375 0.744140625 0.6357421875 0.7333984375 0.6171875 0.6845703125 0.587890625 0.6533203125 0.587890625 0.615234375 0.6103515625 0.611328125 0.6650390625 0.6259765625 0.6953125 0.7060546875 0.6875
2 0.724609375 0.6044921875 0.7333984375 0.595703125 0.7626953125 0.58984375 0.7841796875 0.595703125 0.79296875 0.5830078125 0.787109375 0.5439453125 0.7392578125 0.51171875 0.7060546875 0.521484375 0.68359375 0.5400390625 0.6796875 0.5595703125 0.6875 0.5849609375 0.7041015625 0.599609375
2 0.880859375 0.5849609375 0.8984375 0.5634765625 0.90234375 0.5263671875 0.89453125 0.5048828125 0.8701171875 0.4921875 0.857421875 0.5126953125 0.849609375 0.5693359375 0.8544921875 0.578125
2 0.849609375 0.5380859375 0.857421875 0.4853515625 0.8447265625 0.466796875 0.8291015625 0.4609375 0.81640625 0.4814453125 0.810546875 0.5244140625 0.8330078125 0.5390625
2 0.849609375 0.4248046875 0.845703125 0.3798828125 0.8271484375 0.369140625 0.8203125 0.3798828125 0.8203125 0.4150390625 0.8330078125 0.423828125
2 0.65625 0.4208984375 0.662109375 0.4130859375 0.65625 0.3681640625 0.6513671875 0.361328125 0.6357421875 0.361328125 0.625 0.3896484375 0.625 0.4150390625 0.6337890625 0.421875
2 0.623046875 0.3916015625 0.62890625 0.3779296875 0.62890625 0.3486328125 0.6181640625 0.337890625 0.6083984375 0.337890625 0.599609375 0.3505859375 0.59375 0.3818359375 0.6005859375 0.392578125
2 0.708984375 0.4189453125 0.708984375 0.3681640625 0.7001953125 0.357421875 0.6865234375 0.35546875 0.677734375 0.3740234375 0.677734375 0.4130859375
2 0.29296875 0.5341796875 0.314453125 0.5244140625 0.30859375 0.4873046875 0.2802734375 0.455078125 0.2626953125 0.455078125 0.2431640625 0.46484375 0.236328125 0.4736328125 0.2421875 0.5166015625 0.2705078125 0.525390625 0.2802734375 0.53515625
2 0.087890625 0.7724609375 0.109375 0.7626953125 0.1171875 0.7353515625 0.119140625 0.6845703125 0.109375 0.6376953125 0.0986328125 0.6171875 0.07421875 0.6279296875 0.064453125 0.6806640625 0.0703125 0.7705078125
2 0.17578125 0.4814453125 0.19140625 0.4736328125 0.19140625 0.4462890625 0.177734375 0.4150390625 0.1630859375 0.40234375 0.1533203125 0.40234375 0.138671875 0.4189453125 0.140625 0.4599609375 0.1455078125 0.470703125
2 0.08203125 0.5634765625 0.0966796875 0.5546875 0.099609375 0.5458984375 0.09375 0.5126953125 0.0751953125 0.482421875 0.0546875 0.4970703125 0.0546875 0.5263671875 0.068359375 0.5615234375
2 0.0390625 0.4833984375 0.052734375 0.4736328125 0.052734375 0.4658203125 0.04296875 0.4345703125 0.0322265625 0.427734375 0.017578125 0.4384765625 0.015625 0.4619140625 0.0205078125 0.4765625 0.0302734375 0.484375
2 0.06640625 0.4326171875 0.080078125 0.4248046875 0.080078125 0.4111328125 0.072265625 0.3935546875 0.0634765625 0.388671875 0.05078125 0.3955078125 0.048828125 0.4228515625
2 0.03515625 0.4169921875 0.046875 0.4091796875 0.046875 0.3974609375 0.0361328125 0.37890625 0.0263671875 0.37890625 0.01953125 0.3857421875 0.01953125 0.4072265625 0.0224609375 0.4140625
2 0.70703125 0.3603515625 0.708984375 0.3232421875 0.6923828125 0.318359375 0.685546875 0.3544921875
2 0.6796875 0.3564453125 0.681640625 0.3193359375 0.6669921875 0.3125 0.658203125 0.3212890625 0.65625 0.3525390625
2 0.646484375 0.3505859375 0.646484375 0.3056640625 0.6279296875 0.30078125 0.62109375 0.3388671875 0.6318359375 0.3515625
9 0.703125 0.4814453125 0.697265625 0.4306640625 0.6904296875 0.41796875 0.681640625 0.4775390625 0.6904296875 0.470703125
2 0.861328125 0.3388671875 0.865234375 0.2978515625 0.8505859375 0.283203125 0.8388671875 0.28125 0.83203125 0.2939453125 0.83203125 0.3212890625 0.8486328125 0.337890625
9 0.435546875 0.5224609375 0.453125 0.5166015625 0.44140625 0.5029296875 0.4453125 0.4560546875 0.4326171875 0.443359375 0.427734375 0.4501953125 0.427734375 0.4794921875 0.43359375 0.5087890625 0.423828125 0.5224609375