2 0.396484375 0.5869140625 0.4228515625 0.5859375 0.431640625 0.5751953125 0.427734375 0.5302734375 0.4169921875 0.51171875 0.3955078125 0.513671875 0.384765625 0.5302734375 0.388671875 0.5849609375
1 0.431640625 0.4892578125 0.4541015625 0.484375 0.462890625 0.4677734375 0.4609375 0.4150390625 0.4521484375 0.408203125 0.4306640625 0.41015625 0.419921875 0.4228515625 0.419921875 0.4833984375 0.4248046875 0.490234375
2 0.47265625 0.5205078125 0.4951171875 0.517578125 0.501953125 0.5068359375 0.501953125 0.4658203125 0.4951171875 0.451171875 0.4736328125 0.451171875 0.46484375 0.4619140625 0.46484375 0.5185546875
2 0.615234375 0.5556640625 0.615234375 0.4931640625 0.6083984375 0.4765625 0.5888671875 0.474609375 0.580078125 0.4853515625 0.58203125 0.5537109375
2 0.861328125 0.7744140625 0.888671875 0.7568359375 0.888671875 0.7060546875 0.884765625 0.6923828125 0.8505859375 0.66015625 0.8330078125 0.65234375 0.8076171875 0.65234375 0.744140625 0.6865234375 0.736328125 0.7333984375 0.7451171875 0.748046875 0.7685546875 0.759765625 0.7978515625 0.75390625 0.8447265625 0.76171875 0.8544921875 0.775390625
2 0.859375 0.9990234375 0.861328125 0.9560546875 0.845703125 0.8896484375 0.83203125 0.8642578125 0.8154296875 0.85546875 0.7802734375 0.857421875 0.7412109375 0.869140625 0.6982421875 0.9140625 0.658203125 0.9384765625 0.642578125 0.9814453125 0.6455078125 1
8 0.501953125 0.6884765625 0.50390625 0.6826171875 0.4912109375 0.67578125 0.486328125 0.6650390625 0.484375 0.6474609375 0.4921875 0.6318359375 0.484375 0.6201171875 0.486328125 0.6044921875 0.4775390625 0.583984375 0.474609375 0.5966796875 0.45703125 0.6123046875 0.451171875 0.6650390625 0.4794921875 0.6875
3 0.638671875 0.5732421875 0.6455078125 0.568359375 0.66015625 0.5712890625 0.6455078125 0.505859375 0.638671875 0.5126953125 0.638671875 0.5400390625 0.630859375 0.5498046875 0.630859375 0.5673828125
2 0.634765625 0.4560546875 0.6328125 0.4287109375 0.6181640625 0.41796875 0.609375 0.4306640625 0.611328125 0.4541015625
2 0.5859375 0.4228515625 0.580078125 0.3955078125 0.5673828125 0.392578125 0.5625 0.4111328125 0.5751953125 0.423828125
2 0.576171875 0.5166015625 0.58203125 0.4775390625 0.6025390625 0.47265625 0.5986328125 0.4609375 0.5751953125 0.4609375 0.5703125 0.4677734375 0.56640625 0.5029296875 0.568359375 0.5126953125
2 0.568359375 0.4775390625 0.5791015625 0.4609375 0.5927734375 0.462890625 0.59375 0.4697265625 0.6015625 0.4716796875 0.59765625 0.4521484375 0.5888671875 0.44140625 0.56640625 0.4423828125 0.560546875 0.4638671875 0.5625 0.4755859375
4 0.5078125 0.4501953125 0.5234375 0.4462890625 0.5234375 0.4033203125 0.5166015625 0.392578125 0.5009765625 0.392578125 0.4921875 0.4033203125 0.4921875 0.4423828125 0.4951171875 0.44921875
2 0.994140625 0.6455078125 1 0.6396484375 1 0.5771484375 0.9912109375 0.57421875 0.966796875 0.5927734375 0.962890625 0.6142578125 0.970703125 0.6376953125
3 0.533203125 0.5673828125 0.546875 0.5634765625 0.5458984375 0.494140625 0.54296875 0.5166015625 0.529296875 0.5283203125 0.521484375 0.5458984375 0.51953125 0.5634765625