2 0.5703125 0.6767578125 0.57421875 0.6611328125 0.595703125 0.6494140625 0.59765625 0.6240234375 0.587890625 0.6005859375 0.5322265625 0.560546875 0.4912109375 0.572265625 0.478515625 0.5966796875 0.47265625 0.6279296875 0.478515625 0.6630859375 0.4970703125 0.671875 0.5068359375 0.671875 0.5166015625 0.662109375 0.5537109375 0.666015625 0.5634765625 0.677734375
2 0.361328125 0.4970703125 0.373046875 0.4501953125 0.369140625 0.3974609375 0.3583984375 0.373046875 0.3388671875 0.373046875 0.333984375 0.3779296875 0.330078125 0.4384765625 0.3359375 0.4892578125 0.3408203125 0.49609375 0.3583984375 0.490234375
2 0.27734375 0.4677734375 0.2890625 0.4501953125 0.28515625 0.4033203125 0.2724609375 0.38671875 0.2607421875 0.38671875 0.251953125 0.3916015625 0.244140625 0.4169921875 0.24609375 0.4580078125 0.2587890625 0.46875
2 0.24609375 0.3876953125 0.267578125 0.3837890625 0.267578125 0.3544921875 0.2568359375 0.33203125 0.2421875 0.3369140625 0.240234375 0.3837890625
2 0.19921875 0.5498046875 0.21484375 0.5439453125 0.21484375 0.4873046875 0.2080078125 0.466796875 0.1865234375 0.470703125 0.181640625 0.4873046875 0.181640625 0.5478515625
2 0.98828125 0.5654296875 1 0.5556640625 1 0.4931640625 0.9912109375 0.482421875 0.9697265625 0.48046875 0.9609375 0.5458984375 0.9697265625 0.560546875
2 0.951171875 0.5556640625 0.962890625 0.4951171875 0.96875 0.4794921875 0.9765625 0.4755859375 0.9765625 0.4619140625 0.9677734375 0.447265625 0.9462890625 0.439453125 0.931640625 0.4619140625 0.923828125 0.5380859375 0.9384765625 0.552734375
2 0.83984375 0.5537109375 0.857421875 0.5458984375 0.857421875 0.5166015625 0.84765625 0.4970703125 0.8251953125 0.482421875 0.80859375 0.5048828125 0.810546875 0.5283203125 0.8154296875 0.537109375 0.81640625 0.5185546875 0.8251953125 0.505859375 0.82421875 0.5458984375 0.8271484375 0.552734375
8 0.5703125 0.5654296875 0.583984375 0.5595703125 0.57421875 0.5458984375 0.5634765625 0.4765625 0.5556640625 0.490234375 0.54296875 0.4931640625 0.541015625 0.5126953125 0.546875 0.5166015625 0.548828125 0.5576171875 0.5615234375 0.56640625
9 0.529296875 0.5556640625 0.5224609375 0.474609375 0.515625 0.4873046875 0.513671875 0.5517578125
9 0.4609375 0.5126953125 0.46484375 0.4619140625 0.4599609375 0.43359375 0.451171875 0.4541015625 0.451171875 0.4736328125 0.453125 0.5068359375
9 0.330078125 0.6396484375 0.3349609375 0.625 0.3388671875 0.634765625 0.345703125 0.6337890625 0.33984375 0.5986328125 0.341796875 0.5576171875 0.3349609375 0.537109375 0.32421875 0.5751953125 0.33203125 0.5869140625 0.326171875 0.6298828125
9 0.28125 0.7353515625 0.2880859375 0.708984375 0.29296875 0.7236328125 0.30078125 0.7236328125 0.2880859375 0.61328125 0.279296875 0.6376953125
9 0.287109375 0.5986328125 0.291015625 0.5361328125 0.2802734375 0.5078125 0.271484375 0.5341796875 0.27734375 0.5908203125
9 0.267578125 0.5771484375 0.271484375 0.5048828125 0.2626953125 0.4765625 0.25390625 0.5048828125 0.25390625 0.5302734375 0.259765625 0.5693359375
9 0.29296875 0.5380859375 0.298828125 0.4873046875 0.2900390625 0.46875 0.279296875 0.5087890625
9 0.322265625 0.5087890625 0.330078125 0.5009765625 0.3203125 0.4931640625 0.3203125 0.4462890625 0.3115234375 0.423828125 0.3046875 0.4716796875 0.310546875 0.5029296875
9 0.501953125 0.4599609375 0.5078125 0.4287109375 0.5029296875 0.392578125 0.498046875 0.4013671875
9 0.4921875 0.4326171875 0.4931640625 0.375 0.484375 0.3955078125 0.486328125 0.4248046875
9 0.478515625 0.4228515625 0.484375 0.3935546875 0.4794921875 0.357421875 0.47265625 0.3701171875 0.47265625 0.4228515625
9 0.6171875 0.5068359375 0.619140625 0.4716796875 0.6123046875 0.439453125 0.60546875 0.5048828125
9 0.630859375 0.5166015625 0.634765625 0.4775390625 0.6259765625 0.4453125 0.619140625 0.5107421875
9 0.51171875 0.8330078125 0.5234375 0.8076171875 0.52734375 0.7763671875 0.5205078125 0.712890625 0.5078125 0.7197265625 0.501953125 0.7490234375 0.501953125 0.8115234375
3 0.626953125 0.9521484375 0.63671875 0.9404296875 0.638671875 0.9189453125 0.646484375 0.9150390625 0.6416015625 0.87109375 0.626953125 0.8818359375 0.611328125 0.9248046875 0.615234375 0.9501953125
0 0.666015625 0.9990234375 0.666015625 0.9697265625 0.65234375 0.9541015625 0.6494140625 0.9375 0.6396484375 0.939453125 0.6240234375 0.955078125 0.6005859375 0.953125 0.58984375 0.9638671875 0.5888671875 1
9 0.962890625 0.8623046875 0.9609375 0.8525390625 0.9453125 0.8427734375 0.955078125 0.8037109375 0.9521484375 0.748046875 0.939453125 0.7724609375 0.9375 0.8486328125 0.9462890625 0.859375