6 0.8515625 0.9990234375 0.875 0.8505859375 0.8828125 0.7509765625 0.892578125 0.7255859375 0.892578125 0.6826171875 0.884765625 0.6669921875 0.8642578125 0.650390625 0.8388671875 0.646484375 0.7763671875 0.6171875 0.7607421875 0.6171875 0.7392578125 0.603515625 0.6845703125 0.587890625 0.6494140625 0.58203125 0.6279296875 0.59375 0.6103515625 0.59375 0.580078125 0.6298828125 0.560546875 0.6669921875 0.5439453125 0.673828125 0.5078125 0.7177734375 0.501953125 0.7431640625 0.4921875 0.7529296875 0.484375 0.8095703125 0.48828125 0.8408203125 0.4970703125 0.845703125 0.5126953125 0.83984375 0.515625 0.8291015625 0.5234375 0.8251953125 0.517578125 0.8076171875 0.5419921875 0.802734375 0.5546875 0.8544921875 0.5830078125 0.861328125 0.59375 0.8701171875 0.5986328125 0.90234375 0.6279296875 0.916015625 0.6591796875 0.921875 0.7001953125 0.9453125 0.7060546875 0.955078125 0.7421875 0.9775390625 0.7509765625 1
8 0.53515625 0.9619140625 0.5390625 0.9580078125 0.53125 0.9345703125 0.544921875 0.9189453125 0.55078125 0.8720703125 0.544921875 0.8388671875 0.5478515625 0.806640625 0.5341796875 0.806640625 0.52734375 0.8349609375 0.5107421875 0.83984375 0.498046875 0.8544921875 0.50390625 0.9443359375 0.5166015625 0.958984375
7 0.568359375 0.9951171875 0.58203125 0.9833984375 0.58203125 0.9326171875 0.591796875 0.9052734375 0.591796875 0.8681640625 0.5634765625 0.859375 0.548828125 0.8701171875 0.544921875 0.9111328125 0.5419921875 0.904296875 0.5390625 0.9267578125 0.529296875 0.9365234375 0.537109375 0.9599609375 0.5244140625 0.9609375 0.50390625 0.9404296875 0.5078125 0.8857421875 0.501953125 0.8837890625 0.501953125 0.8759765625 0.5078125 0.8740234375 0.5078125 0.8583984375 0.5234375 0.8505859375 0.5166015625 0.841796875 0.5068359375 0.84375 0.470703125 0.8896484375 0.47265625 0.9443359375 0.5166015625 0.98828125 0.5283203125 0.994140625
13 0.396484375 0.9990234375 0.380859375 0.9814453125 0.384765625 0.9521484375 0.396484375 0.9462890625 0.396484375 0.9345703125 0.376953125 0.9208984375 0.3828125 0.8916015625 0.39453125 0.8837890625 0.39453125 0.8681640625 0.37109375 0.8544921875 0.3701171875 0.83203125 0.34765625 0.8291015625 0.341796875 0.8017578125 0.3271484375 0.7890625 0.3115234375 0.80859375 0.302734375 0.8095703125 0.306640625 0.9287109375 0.3125 0.9443359375 0.333984375 0.9599609375 0.3388671875 1
13 0.634765625 0.4521484375 0.638671875 0.3681640625 0.65234375 0.3173828125 0.6435546875 0.3046875 0.62890625 0.3095703125 0.626953125 0.3232421875 0.634765625 0.3408203125 0.62890625 0.4443359375
13 0.390625 0.3994140625 0.40625 0.3876953125 0.40625 0.3349609375 0.3857421875 0.32421875 0.376953125 0.3369140625 0.376953125 0.3642578125 0.38671875 0.3759765625
13 0.48046875 0.3408203125 0.486328125 0.3349609375 0.48828125 0.2939453125 0.4775390625 0.28515625 0.47265625 0.2900390625 0.47265625 0.3193359375
0 0.484375 0.5107421875 0.494140625 0.4951171875 0.4921875 0.4716796875 0.4736328125 0.451171875 0.4638671875 0.453125 0.4599609375 0.44140625 0.447265625 0.4501953125 0.447265625 0.4638671875 0.4375 0.4814453125 0.439453125 0.5009765625 0.4501953125 0.509765625 0.4638671875 0.4921875 0.4794921875 0.51171875
3 0.484375 0.5107421875 0.4921875 0.5029296875 0.494140625 0.4794921875 0.48046875 0.4619140625 0.482421875 0.4326171875 0.4736328125 0.41015625 0.46875 0.4326171875 0.447265625 0.4521484375 0.44921875 0.4638671875 0.439453125 0.4755859375 0.4375 0.4912109375 0.4462890625 0.5078125 0.4541015625 0.5078125 0.4638671875 0.490234375 0.4765625 0.5087890625
6 0.533203125 0.2880859375 0.548828125 0.2626953125 0.546875 0.2333984375 0.5380859375 0.224609375 0.5185546875 0.22265625 0.5078125 0.2314453125 0.505859375 0.2763671875 0.5107421875 0.28515625
2 0.564453125 0.3017578125 0.572265625 0.2978515625 0.572265625 0.2744140625 0.5634765625 0.263671875 0.5498046875 0.26171875 0.541015625 0.2763671875 0.541015625 0.2958984375
2 0.580078125 0.5458984375 0.5859375 0.4619140625 0.5771484375 0.45703125 0.5576171875 0.458984375 0.548828125 0.4775390625 0.548828125 0.5302734375 0.5576171875 0.54296875
2 0.626953125 0.5888671875 0.6455078125 0.580078125 0.6904296875 0.5859375 0.697265625 0.5517578125 0.689453125 0.5107421875 0.67578125 0.4912109375 0.6337890625 0.45703125 0.6142578125 0.44921875 0.59765625 0.4560546875 0.59375 0.5654296875 0.6064453125 0.583984375
6 0.892578125 0.7392578125 0.904296875 0.6533203125 0.904296875 0.5908203125 0.8115234375 0.533203125 0.7802734375 0.541015625 0.7265625 0.5986328125 0.7470703125 0.611328125 0.8662109375 0.65234375 0.888671875 0.6767578125