2 0.724609375 0.7001953125 0.7373046875 0.69921875 0.75 0.6865234375 0.74609375 0.6376953125 0.7333984375 0.6171875 0.6767578125 0.5859375 0.6513671875 0.587890625 0.6171875 0.6064453125 0.611328125 0.6220703125 0.611328125 0.6669921875 0.6240234375 0.697265625 0.6494140625 0.701171875 0.6591796875 0.689453125 0.7041015625 0.689453125
2 0.724609375 0.6064453125 0.7333984375 0.595703125 0.7626953125 0.58984375 0.7822265625 0.59375 0.79296875 0.5771484375 0.787109375 0.5439453125 0.7392578125 0.51171875 0.7060546875 0.521484375 0.68359375 0.5419921875 0.6796875 0.5595703125 0.6796875 0.5732421875 0.6875 0.5849609375 0.7041015625 0.599609375
2 0.0859375 0.7724609375 0.109375 0.7626953125 0.1171875 0.7353515625 0.119140625 0.6865234375 0.109375 0.6357421875 0.0986328125 0.6171875 0.076171875 0.6259765625 0.064453125 0.6806640625 0.0703125 0.7705078125
2 0.080078125 0.5634765625 0.099609375 0.5478515625 0.095703125 0.5166015625 0.0859375 0.4931640625 0.0732421875 0.482421875 0.0546875 0.4990234375 0.0546875 0.5283203125 0.068359375 0.5595703125
2 0.30078125 0.5341796875 0.31640625 0.5244140625 0.30859375 0.4873046875 0.2802734375 0.455078125 0.2705078125 0.453125 0.2451171875 0.462890625 0.236328125 0.4736328125 0.2421875 0.5166015625 0.2705078125 0.525390625 0.2802734375 0.53515625
2 0.17578125 0.4814453125 0.19140625 0.4736328125 0.19140625 0.4443359375 0.177734375 0.4150390625 0.1572265625 0.40234375 0.140625 0.4111328125 0.140625 0.4599609375 0.1455078125 0.470703125
2 0.041015625 0.4814453125 0.05078125 0.4755859375 0.048828125 0.4443359375 0.0380859375 0.4296875 0.0283203125 0.4296875 0.017578125 0.4404296875 0.017578125 0.4716796875 0.0283203125 0.482421875
2 0.06640625 0.4326171875 0.080078125 0.4248046875 0.080078125 0.4111328125 0.072265625 0.3935546875 0.0634765625 0.388671875 0.048828125 0.4013671875 0.048828125 0.4228515625
2 0.03515625 0.4169921875 0.046875 0.4091796875 0.046875 0.3994140625 0.041015625 0.3837890625 0.0263671875 0.37890625 0.01953125 0.3876953125 0.01953125 0.4072265625 0.0224609375 0.4140625
2 0.880859375 0.5849609375 0.900390625 0.5556640625 0.90234375 0.5283203125 0.89453125 0.5048828125 0.8720703125 0.4921875 0.857421875 0.5107421875 0.849609375 0.5693359375 0.8544921875 0.576171875
2 0.84375 0.5322265625 0.857421875 0.5087890625 0.857421875 0.4833984375 0.8447265625 0.466796875 0.8291015625 0.4609375 0.814453125 0.4892578125 0.810546875 0.5205078125 0.8154296875 0.52734375
2 0.849609375 0.4248046875 0.845703125 0.3798828125 0.8291015625 0.369140625 0.8203125 0.4150390625 0.8330078125 0.423828125
2 0.654296875 0.4208984375 0.662109375 0.4130859375 0.65625 0.3681640625 0.6396484375 0.359375 0.62890625 0.3740234375 0.625 0.4150390625
2 0.623046875 0.3916015625 0.62890625 0.3505859375 0.6201171875 0.33984375 0.6083984375 0.337890625 0.595703125 0.3642578125 0.595703125 0.3876953125 0.6005859375 0.392578125
2 0.70703125 0.4189453125 0.708984375 0.3662109375 0.7021484375 0.357421875 0.6904296875 0.35546875 0.68359375 0.3583984375 0.677734375 0.3779296875 0.677734375 0.4130859375
2 0.6796875 0.3564453125 0.681640625 0.3212890625 0.6748046875 0.314453125 0.6630859375 0.314453125 0.658203125 0.3193359375 0.65625 0.3525390625
2 0.64453125 0.3525390625 0.646484375 0.3037109375 0.6298828125 0.30078125 0.623046875 0.3115234375 0.62109375 0.3388671875 0.6318359375 0.3515625
6 0.86328125 0.3369140625 0.86328125 0.2939453125 0.8388671875 0.28125 0.830078125 0.3037109375 0.83203125 0.3212890625 0.8466796875 0.3359375
2 0.703125 0.3583984375 0.7109375 0.3486328125 0.7109375 0.3271484375 0.7021484375 0.318359375 0.6923828125 0.318359375 0.685546875 0.3564453125
9 0.703125 0.4814453125 0.6904296875 0.416015625 0.681640625 0.4755859375 0.6845703125 0.478515625 0.6904296875 0.466796875 0.693359375 0.4775390625
9 0.439453125 0.5185546875 0.443359375 0.4521484375 0.4345703125 0.443359375 0.427734375 0.4521484375 0.42578125 0.4990234375 0.435546875 0.5107421875 0.43359375 0.5185546875
9 0.908203125 0.4404296875 0.908203125 0.4033203125 0.9052734375 0.396484375 0.8974609375 0.396484375 0.896484375 0.4345703125 0.9013671875 0.44140625