8 0.38671875 0.6923828125 0.392578125 0.6806640625 0.392578125 0.6298828125 0.3837890625 0.61328125 0.376953125 0.6181640625 0.37109375 0.6396484375 0.37109375 0.6767578125 0.373046875 0.6865234375
8 0.41796875 0.7333984375 0.423828125 0.7216796875 0.42578125 0.6669921875 0.4130859375 0.65234375 0.40234375 0.6728515625 0.408203125 0.7275390625
8 0.451171875 0.7919921875 0.453125 0.7177734375 0.4453125 0.7021484375 0.4384765625 0.701171875 0.4296875 0.7138671875 0.427734375 0.7392578125 0.435546875 0.7861328125 0.4423828125 0.79296875
8 0.34765625 0.5810546875 0.353515625 0.5732421875 0.353515625 0.5400390625 0.3447265625 0.52734375 0.33984375 0.5361328125 0.33984375 0.5751953125
8 0.3671875 0.5634765625 0.369140625 0.5244140625 0.3603515625 0.517578125 0.357421875 0.5634765625
2 0.419921875 0.5166015625 0.421875 0.4755859375 0.4111328125 0.466796875 0.3955078125 0.46875 0.388671875 0.4775390625 0.388671875 0.5126953125 0.3935546875 0.517578125
2 0.46484375 0.6240234375 0.466796875 0.5830078125 0.45703125 0.5458984375 0.4228515625 0.544921875 0.4140625 0.5693359375 0.419921875 0.6142578125 0.4267578125 0.623046875 0.4541015625 0.615234375
2 0.48046875 0.7548828125 0.4912109375 0.75 0.5205078125 0.751953125 0.529296875 0.7353515625 0.5234375 0.6728515625 0.51171875 0.6513671875 0.5009765625 0.64453125 0.4697265625 0.650390625 0.45703125 0.6669921875 0.4609375 0.7197265625 0.47265625 0.7275390625 0.47265625 0.7490234375
2 0.66796875 0.9990234375 0.654296875 0.9501953125 0.6435546875 0.93359375 0.6064453125 0.935546875 0.56640625 0.9599609375 0.572265625 0.9619140625 0.564453125 0.9755859375 0.5693359375 1 0.578125 0.9931640625 0.5732421875 0.974609375 0.58984375 0.9873046875 0.5908203125 1 0.6083984375 1 0.6123046875 0.982421875 0.619140625 0.9853515625 0.6171875 0.9990234375 0.6240234375 1 0.6259765625 0.978515625 0.6435546875 0.984375 0.6474609375 1
2 0.6328125 0.8564453125 0.6435546875 0.84765625 0.6806640625 0.8515625 0.685546875 0.8466796875 0.6875 0.7880859375 0.6552734375 0.724609375 0.6181640625 0.7265625 0.59375 0.7548828125 0.591796875 0.8056640625 0.607421875 0.8154296875 0.615234375 0.8486328125
2 0.525390625 0.6240234375 0.5537109375 0.623046875 0.55859375 0.6181640625 0.556640625 0.5869140625 0.548828125 0.5595703125 0.5400390625 0.55078125 0.5166015625 0.5546875 0.50390625 0.5791015625 0.51171875 0.6162109375 0.5185546875 0.625
2 0.482421875 0.4970703125 0.48046875 0.4541015625 0.4599609375 0.447265625 0.453125 0.4560546875 0.451171875 0.4912109375 0.4560546875 0.498046875
2 0.435546875 0.4306640625 0.443359375 0.4150390625 0.4208984375 0.41015625 0.416015625 0.4287109375
2 0.45703125 0.4482421875 0.466796875 0.4443359375 0.46484375 0.4228515625 0.4599609375 0.4140625 0.4462890625 0.412109375 0.439453125 0.4306640625 0.44140625 0.4443359375
2 0.6484375 0.5400390625 0.65234375 0.5126953125 0.640625 0.4814453125 0.6318359375 0.47265625 0.6123046875 0.47265625 0.6015625 0.5048828125 0.603515625 0.5205078125 0.6240234375 0.541015625
13 0.373046875 0.4423828125 0.375 0.4111328125 0.3681640625 0.408203125 0.365234375 0.4384765625
13 0.626953125 0.4404296875 0.6328125 0.4365234375 0.6328125 0.4208984375 0.6123046875 0.419921875 0.611328125 0.4365234375