2 0.453125 0.5537109375 0.47265625 0.5439453125 0.48046875 0.5224609375 0.47265625 0.4560546875 0.4560546875 0.4453125 0.4248046875 0.443359375 0.376953125 0.4755859375 0.3671875 0.4892578125 0.359375 0.5283203125 0.3798828125 0.54296875 0.4189453125 0.54296875
2 0.71875 0.5302734375 0.7353515625 0.52734375 0.7509765625 0.5078125 0.77734375 0.4892578125 0.783203125 0.4248046875 0.7705078125 0.400390625 0.7587890625 0.396484375 0.7421875 0.4013671875 0.703125 0.4619140625 0.6875 0.5009765625 0.6875 0.5107421875 0.7001953125 0.5234375
2 0.095703125 0.3564453125 0.111328125 0.3466796875 0.1083984375 0.310546875 0.08984375 0.3193359375 0.08984375 0.3544921875
2 0.111328125 0.3017578125 0.126953125 0.2900390625 0.1201171875 0.255859375 0.1103515625 0.2578125 0.103515625 0.2685546875 0.103515625 0.2978515625
2 0.076171875 0.3076171875 0.091796875 0.2958984375 0.0830078125 0.24609375 0.068359375 0.2548828125 0.06640625 0.3056640625
2 0.056640625 0.2822265625 0.06640625 0.2744140625 0.0595703125 0.234375 0.048828125 0.2412109375 0.05078125 0.2822265625
2 0.23828125 0.2998046875 0.255859375 0.2919921875 0.255859375 0.2763671875 0.248046875 0.2607421875 0.2353515625 0.251953125 0.22265625 0.2607421875 0.22265625 0.2685546875 0.228515625 0.2958984375
2 0.158203125 0.2861328125 0.16796875 0.2802734375 0.16796875 0.2568359375 0.1474609375 0.232421875 0.13671875 0.2412109375 0.1328125 0.2607421875 0.142578125 0.2705078125 0.142578125 0.2802734375
2 0.173828125 0.2529296875 0.1796875 0.2392578125 0.17578125 0.2236328125 0.1533203125 0.224609375 0.150390625 0.2333984375 0.1669921875 0.25390625
6 0.224609375 0.3271484375 0.23046875 0.3193359375 0.23046875 0.3017578125 0.220703125 0.2587890625 0.2080078125 0.24609375 0.1943359375 0.244140625 0.1796875 0.2568359375 0.18359375 0.3173828125 0.1982421875 0.32421875 0.2080078125 0.314453125 0.2177734375 0.328125
13 0.587890625 0.3349609375 0.587890625 0.1806640625 0.5830078125 0.1796875 0.578125 0.2216796875 0.580078125 0.3349609375
13 0.720703125 0.3779296875 0.7265625 0.3662109375 0.7265625 0.3291015625 0.7216796875 0.32421875 0.71484375 0.3466796875 0.71484375 0.3740234375
13 0.748046875 0.3291015625 0.75390625 0.3017578125 0.7412109375 0.291015625 0.736328125 0.2958984375 0.736328125 0.3271484375
13 0.8125 0.1943359375 0.818359375 0.1455078125 0.8076171875 0.138671875 0.8046875 0.1845703125 0.806640625 0.1943359375