2 0.484375 0.6708984375 0.5146484375 0.66796875 0.5234375 0.6591796875 0.52734375 0.6259765625 0.513671875 0.5771484375 0.4990234375 0.56640625 0.4697265625 0.560546875 0.41015625 0.6025390625 0.404296875 0.6142578125 0.404296875 0.6513671875 0.4248046875 0.65625 0.4384765625 0.669921875
2 0.16796875 0.5537109375 0.1806640625 0.552734375 0.189453125 0.5400390625 0.193359375 0.5107421875 0.1748046875 0.482421875 0.1484375 0.5029296875 0.140625 0.5341796875 0.1435546875 0.548828125
2 0.017578125 0.5634765625 0.0322265625 0.556640625 0.0390625 0.5439453125 0.0302734375 0.48046875 0.0126953125 0.48046875 0 0.4892578125 0 0.5576171875
2 0.64453125 0.5048828125 0.6640625 0.4931640625 0.669921875 0.4462890625 0.666015625 0.3837890625 0.6591796875 0.373046875 0.6435546875 0.373046875 0.63671875 0.3837890625 0.626953125 0.4404296875 0.6171875 0.4638671875 0.619140625 0.4990234375
2 0.734375 0.4697265625 0.7451171875 0.46875 0.75390625 0.4599609375 0.755859375 0.4189453125 0.748046875 0.3916015625 0.7255859375 0.38671875 0.71484375 0.4052734375 0.708984375 0.4462890625 0.7216796875 0.46875
2 0.673828125 0.4150390625 0.67578125 0.3544921875 0.6708984375 0.345703125 0.6611328125 0.34375 0.650390625 0.3505859375 0.6484375 0.3701171875 0.666015625 0.3779296875
2 0.755859375 0.3857421875 0.755859375 0.3369140625 0.7412109375 0.337890625 0.732421875 0.3837890625
2 0.677734375 0.3505859375 0.6796875 0.3017578125 0.6650390625 0.296875 0.66015625 0.2998046875 0.65625 0.3349609375 0.6611328125 0.34375
9 0.65234375 0.6474609375 0.67578125 0.6357421875 0.669921875 0.6103515625 0.669921875 0.5830078125 0.67578125 0.5732421875 0.6650390625 0.537109375 0.658203125 0.5615234375 0.65625 0.6259765625 0.638671875 0.6435546875 0.6396484375 0.6484375
9 0.72265625 0.7333984375 0.720703125 0.6376953125 0.716796875 0.6162109375 0.7099609375 0.615234375 0.69921875 0.7236328125 0.70703125 0.7236328125 0.7119140625 0.708984375 0.71484375 0.7314453125
9 0.705078125 0.6044921875 0.720703125 0.5966796875 0.724609375 0.5771484375 0.7265625 0.5224609375 0.7197265625 0.509765625 0.708984375 0.5341796875 0.7109375 0.5888671875 0.6953125 0.6025390625
9 0.736328125 0.5771484375 0.74609375 0.5244140625 0.74609375 0.5009765625 0.7373046875 0.4765625 0.728515625 0.5009765625 0.73046875 0.5771484375
9 0.708984375 0.5361328125 0.720703125 0.5087890625 0.7099609375 0.46875 0.701171875 0.4873046875
9 0.68359375 0.5087890625 0.6953125 0.4736328125 0.6884765625 0.423828125 0.6796875 0.4443359375 0.6796875 0.4931640625 0.66796875 0.5009765625 0.6728515625 0.5078125
9 0.537109375 0.5146484375 0.546875 0.5087890625 0.544921875 0.4873046875 0.552734375 0.4697265625 0.5419921875 0.43359375 0.537109375 0.4345703125 0.53515625 0.4619140625
9 0.109375 0.7041015625 0.12109375 0.6962890625 0.1240234375 0.67578125 0.13671875 0.6962890625 0.13671875 0.6748046875 0.126953125 0.6572265625 0.123046875 0.6220703125 0.1123046875 0.59765625 0.10546875 0.6181640625 0.109375 0.6728515625 0.099609375 0.6806640625 0.111328125 0.6923828125 0.103515625 0.7021484375
9 0.041015625 0.8623046875 0.0537109375 0.859375 0.0625 0.8486328125 0.060546875 0.7724609375 0.0498046875 0.75 0.044921875 0.7509765625 0.044921875 0.8017578125 0.056640625 0.8427734375 0.03515625 0.8564453125 0.033203125 0.8603515625
3 0.37890625 0.9521484375 0.388671875 0.9248046875 0.375 0.8837890625 0.3603515625 0.869140625 0.35546875 0.8759765625 0.35546875 0.9130859375 0.36328125 0.9208984375 0.36328125 0.9423828125
3 0.412109375 0.9990234375 0.408203125 0.9619140625 0.3974609375 0.953125 0.384765625 0.9541015625 0.38671875 0.9169921875 0.375 0.8837890625 0.357421875 0.8603515625 0.3505859375 0.830078125 0.345703125 0.8388671875 0.34765625 0.8681640625 0.3359375 0.8818359375 0.3525390625 0.87890625 0.357421875 0.9013671875 0.3525390625 0.912109375 0.3408203125 0.912109375 0.326171875 0.9248046875 0.3271484375 0.935546875 0.3369140625 0.93359375 0.33984375 0.9443359375 0.3515625 0.9482421875 0.3359375 0.9658203125 0.333984375 0.9990234375
9 0.490234375 0.8330078125 0.49609375 0.8154296875 0.498046875 0.7470703125 0.494140625 0.7216796875 0.4794921875 0.712890625 0.474609375 0.7958984375
9 0.38671875 0.5068359375 0.39453125 0.5048828125 0.3876953125 0.439453125 0.380859375 0.4716796875 0.380859375 0.5048828125
9 0.376953125 0.5185546875 0.37890625 0.4697265625 0.3720703125 0.4453125 0.365234375 0.4873046875 0.3671875 0.5166015625
9 0.2734375 0.5107421875 0.287109375 0.4990234375 0.2802734375 0.44921875 0.2734375 0.4677734375 0.275390625 0.4970703125 0.267578125 0.5068359375
9 0.2421875 0.5224609375 0.2421875 0.4619140625 0.2333984375 0.45703125 0.232421875 0.4814453125
8 0.439453125 0.5654296875 0.451171875 0.5576171875 0.4609375 0.5009765625 0.4560546875 0.490234375 0.4443359375 0.490234375 0.4345703125 0.4765625 0.42578125 0.5458984375 0.416015625 0.5615234375