2 0.498046875 0.7158203125 0.5029296875 0.7109375 0.5380859375 0.71484375 0.541015625 0.7041015625 0.53515625 0.6376953125 0.5224609375 0.62109375 0.5087890625 0.6171875 0.4951171875 0.619140625 0.48046875 0.6435546875 0.482421875 0.6865234375 0.490234375 0.6943359375 0.490234375 0.7138671875
2 0.859375 0.7822265625 0.89453125 0.7763671875 0.89453125 0.7412109375 0.8828125 0.6982421875 0.86328125 0.6689453125 0.8349609375 0.642578125 0.7998046875 0.642578125 0.787109375 0.6787109375 0.791015625 0.7373046875 0.822265625 0.7607421875 0.8291015625 0.783203125
2 1 0.8291015625 1 0.7021484375 0.9638671875 0.697265625 0.947265625 0.7177734375 0.943359375 0.7783203125 0.9560546875 0.802734375 0.9677734375 0.8046875
2 0.701171875 0.5673828125 0.701171875 0.5322265625 0.693359375 0.5107421875 0.6806640625 0.5 0.6630859375 0.501953125 0.65625 0.5146484375 0.654296875 0.5439453125 0.6640625 0.5634765625 0.6689453125 0.568359375
2 0.724609375 0.5361328125 0.73046875 0.5146484375 0.71484375 0.4755859375 0.6884765625 0.474609375 0.68359375 0.4970703125 0.701171875 0.5341796875
8 0.423828125 0.7900390625 0.431640625 0.7705078125 0.427734375 0.7158203125 0.421875 0.6962890625 0.4150390625 0.693359375 0.404296875 0.7177734375 0.40625 0.7626953125 0.412109375 0.7861328125
8 0.513671875 0.8505859375 0.5234375 0.8291015625 0.521484375 0.7705078125 0.513671875 0.7431640625 0.5068359375 0.7421875 0.494140625 0.7705078125 0.494140625 0.8232421875 0.501953125 0.8447265625
8 0.455078125 0.6572265625 0.455078125 0.5966796875 0.4443359375 0.583984375 0.439453125 0.5888671875 0.439453125 0.6533203125 0.4423828125 0.658203125
8 0.42578125 0.5205078125 0.431640625 0.4853515625 0.4208984375 0.4296875 0.408203125 0.4619140625 0.408203125 0.4814453125 0.416015625 0.5166015625
2 0.65234375 0.5009765625 0.65625 0.4853515625 0.650390625 0.4580078125 0.6396484375 0.4453125 0.6259765625 0.4453125 0.625 0.4951171875 0.6337890625 0.501953125
8 0.8046875 0.5947265625 0.8046875 0.5478515625 0.7939453125 0.533203125 0.78515625 0.5458984375 0.787109375 0.5908203125
8 0.775390625 0.5771484375 0.775390625 0.5498046875 0.7607421875 0.5390625 0.755859375 0.5693359375 0.7626953125 0.578125 0.775390625 0.5771484375