2 0.51171875 0.6748046875 0.5400390625 0.6640625 0.5849609375 0.66015625 0.59375 0.6533203125 0.595703125 0.6298828125 0.5859375 0.6005859375 0.5283203125 0.564453125 0.5107421875 0.564453125 0.4873046875 0.576171875 0.47265625 0.6162109375 0.470703125 0.6494140625 0.4765625 0.6630859375 0.4833984375 0.669921875
2 0.8359375 0.5517578125 0.85546875 0.5478515625 0.85546875 0.5185546875 0.84765625 0.5029296875 0.8251953125 0.486328125 0.806640625 0.5068359375 0.806640625 0.5341796875 0.8271484375 0.552734375
2 0.955078125 0.7353515625 0.97265625 0.7060546875 0.974609375 0.6572265625 0.9501953125 0.630859375 0.927734375 0.6669921875 0.919921875 0.7060546875 0.9287109375 0.724609375
2 0.2734375 0.4697265625 0.2783203125 0.4609375 0.2841796875 0.46484375 0.298828125 0.4560546875 0.298828125 0.4287109375 0.2841796875 0.392578125 0.2666015625 0.39453125 0.25390625 0.4111328125 0.25390625 0.4423828125 0.265625 0.4677734375
6 0.373046875 0.5068359375 0.3828125 0.4951171875 0.3828125 0.4775390625 0.365234375 0.3935546875 0.3564453125 0.376953125 0.3349609375 0.376953125 0.328125 0.3916015625 0.333984375 0.4951171875
6 0.322265625 0.3525390625 0.341796875 0.3447265625 0.3330078125 0.30078125 0.3232421875 0.30078125 0.318359375 0.3076171875 0.31640625 0.3486328125
2 0.24609375 0.3916015625 0.267578125 0.3876953125 0.2548828125 0.3359375 0.240234375 0.3408203125 0.234375 0.3759765625 0.234375 0.3916015625
2 0.25 0.3349609375 0.2578125 0.3310546875 0.259765625 0.3212890625 0.2578125 0.2626953125 0.2509765625 0.2578125 0.236328125 0.2763671875 0.234375 0.3017578125 0.236328125 0.3251953125 0.2431640625 0.3359375
2 0.328125 0.3837890625 0.349609375 0.3740234375 0.3427734375 0.349609375 0.322265625 0.3544921875 0.3203125 0.3740234375
9 0.287109375 0.5517578125 0.2861328125 0.48828125 0.279296875 0.5009765625 0.27734375 0.5361328125 0.279296875 0.5498046875
9 0.2890625 0.6552734375 0.30078125 0.6298828125 0.296875 0.5869140625 0.306640625 0.5830078125 0.2958984375 0.578125 0.291015625 0.5673828125 0.2861328125 0.48828125 0.27734375 0.5107421875 0.27734375 0.5380859375 0.279296875 0.6103515625
9 0.3828125 0.6396484375 0.376953125 0.5869140625 0.3701171875 0.583984375 0.365234375 0.5888671875 0.365234375 0.6201171875 0.369140625 0.6357421875
9 0.34765625 0.6455078125 0.349609375 0.5634765625 0.34765625 0.5439453125 0.3408203125 0.53515625 0.333984375 0.5556640625 0.3359375 0.6396484375 0.3388671875 0.646484375
9 0.36328125 0.6376953125 0.365234375 0.5849609375 0.361328125 0.5537109375 0.3564453125 0.55078125 0.34765625 0.6083984375 0.349609375 0.6318359375
9 0.41015625 0.5849609375 0.41796875 0.5322265625 0.4091796875 0.501953125 0.40234375 0.5224609375 0.40234375 0.5654296875
9 0.328125 0.5751953125 0.32421875 0.5595703125 0.330078125 0.5263671875 0.3232421875 0.482421875 0.314453125 0.5322265625 0.318359375 0.5732421875
9 0.34765625 0.6455078125 0.3515625 0.5126953125 0.3447265625 0.494140625 0.33203125 0.5791015625 0.3359375 0.6435546875
9 0.447265625 0.4287109375 0.451171875 0.3896484375 0.4443359375 0.369140625 0.439453125 0.4248046875
9 0.609375 0.5068359375 0.607421875 0.4482421875 0.6005859375 0.4375 0.595703125 0.4541015625 0.59765625 0.5048828125 0.6044921875 0.498046875
9 0.806640625 0.5048828125 0.8095703125 0.447265625 0.802734375 0.4658203125
9 0.759765625 0.4951171875 0.765625 0.4638671875 0.7607421875 0.44140625 0.75390625 0.4482421875 0.75390625 0.4912109375
9 0.48828125 0.3837890625 0.4921875 0.3427734375 0.4853515625 0.33984375 0.48046875 0.3779296875
9 0.40625 0.3974609375 0.4140625 0.3486328125 0.4091796875 0.337890625 0.400390625 0.3447265625
9 0.30859375 0.4248046875 0.30859375 0.3740234375 0.3037109375 0.365234375 0.298828125 0.4091796875 0.30078125 0.4208984375