2 0.587890625 0.9032003837719298 0.619140625 0.8678385416666666 0.6015625 0.7470189144736842 0.5751953125 0.6925027412280702 0.5283203125 0.6925027412280702 0.51171875 0.7087102521929824 0.52734375 0.8707853618421053 0.5439453125 0.8987801535087719
2 0.533203125 0.573156524122807 0.5234375 0.47885827850877194 0.4833984375 0.47443804824561403 0.47265625 0.4935923793859649 0.48046875 0.5672628837719298
2 0.37890625 0.6085183662280702 0.427734375 0.5996779057017544 0.4189453125 0.5068530701754386 0.37109375 0.5171669407894737
2 0.3359375 1 0.4306640625 0.9989720394736842 0.423828125 0.8884662828947368 0.3388671875 0.8869928728070176 0.32421875 0.9356154057017544
2 0.30078125 0.5613692434210527 0.310546875 0.43465597587719296 0.2685546875 0.4302357456140351 0.251953125 0.4818050986842105 0.26953125 0.4906455592105263 0.287109375 0.5613692434210527
2 0.404296875 0.4022409539473684 0.421875 0.39929413377192985 0.41796875 0.3521450109649123 0.3916015625 0.3418311403508772 0.380859375 0.39045367324561403
2 0.333984375 0.44054961622807015 0.3310546875 0.3801398026315789 0.2890625 0.38456003289473684 0.2939453125 0.4272889254385965
2 0.494140625 0.38161321271929827 0.4921875 0.3256236293859649 0.4658203125 0.32120339912280704 0.462890625 0.37866639254385964
2 0.4140625 0.3285704495614035 0.412109375 0.27847450657894735 0.3896484375 0.27700109649122806 0.384765625 0.3226768092105263
2 0.474609375 0.31088952850877194 0.470703125 0.2755276864035088 0.4541015625 0.2681606359649123 0.447265625 0.31088952850877194
2 0.447265625 0.27258086622807015 0.46484375 0.2637404057017544 0.4580078125 0.23279879385964913 0.44140625 0.23427220394736842
1 0.19140625 0.9945518092105263 0.23046875 0.8884662828947368 0.283203125 0.6232524671052632 0.283203125 0.5937842653508771 0.267578125 0.587890625 0.283203125 0.5761033442982456 0.2734375 0.5083264802631579 0.2529296875 0.48327850877192985 0.1611328125 0.5127467105263158 0.025390625 0.7823807565789473 0.03125 0.9032003837719298 0.0556640625 0.9901315789473685
1 0.3515625 0.28142132675438597 0.37109375 0.2696340460526316 0.37109375 0.20185718201754385 0.3427734375 0.19449013157894737 0.32421875 0.251953125