9 0.326171875 0.5263671875 0.3134765625 0.44921875 0.306640625 0.4677734375 0.30859375 0.5126953125 0.3115234375 0.525390625
9 0.0859375 0.7470703125 0.091796875 0.7060546875 0.080078125 0.6923828125 0.076171875 0.6533203125 0.0654296875 0.634765625 0.06640625 0.7353515625
3 0.083984375 0.6552734375 0.08984375 0.6455078125 0.08203125 0.6259765625 0.08203125 0.5830078125 0.0732421875 0.56640625 0.068359375 0.6201171875 0.076171875 0.6533203125
9 0.6796875 0.4892578125 0.6650390625 0.404296875 0.650390625 0.4814453125
9 0.5546875 0.4033203125 0.556640625 0.3583984375 0.5498046875 0.349609375 0.54296875 0.3564453125 0.54296875 0.4013671875
2 0.62890625 0.3955078125 0.634765625 0.3564453125 0.6279296875 0.34375 0.6123046875 0.341796875 0.599609375 0.3681640625 0.599609375 0.3896484375 0.6064453125 0.396484375
2 0.658203125 0.4248046875 0.6640625 0.4052734375 0.662109375 0.3740234375 0.6552734375 0.36328125 0.6416015625 0.36328125 0.630859375 0.3876953125 0.62890625 0.4169921875 0.6396484375 0.42578125
2 0.71484375 0.4228515625 0.7109375 0.3701171875 0.7060546875 0.361328125 0.6943359375 0.359375 0.68359375 0.3779296875 0.681640625 0.4111328125 0.6904296875 0.421875
2 0.837890625 0.4794921875 0.83203125 0.4228515625 0.8251953125 0.4140625 0.8095703125 0.41015625 0.80078125 0.4267578125 0.802734375 0.4658203125 0.8134765625 0.4765625
2 0.88671875 0.4755859375 0.87890625 0.4150390625 0.8603515625 0.408203125 0.849609375 0.4208984375 0.85546875 0.4599609375 0.8642578125 0.46875
2 0.91796875 0.5732421875 0.90625 0.5009765625 0.8994140625 0.490234375 0.8798828125 0.48828125 0.87109375 0.4951171875 0.8671875 0.5107421875 0.876953125 0.5537109375 0.8916015625 0.5703125
2 0.814453125 0.3740234375 0.80859375 0.3369140625 0.7939453125 0.328125 0.78515625 0.3369140625 0.787109375 0.3662109375
2 0.8515625 0.3896484375 0.845703125 0.3505859375 0.8388671875 0.33984375 0.8291015625 0.337890625 0.822265625 0.3447265625 0.82421875 0.3798828125
2 0.8515625 0.3896484375 0.845703125 0.3505859375 0.8388671875 0.33984375 0.8291015625 0.337890625 0.822265625 0.3447265625 0.82421875 0.3798828125
2 0.830078125 0.3369140625 0.830078125 0.3095703125 0.8173828125 0.302734375 0.810546875 0.3115234375 0.810546875 0.3291015625 0.8173828125 0.337890625
2 0.8671875 0.3662109375 0.86328125 0.3369140625 0.8505859375 0.328125 0.841796875 0.3388671875 0.845703125 0.3603515625
2 0.80078125 0.3232421875 0.794921875 0.2900390625 0.7822265625 0.28515625 0.77734375 0.2900390625 0.77734375 0.3173828125
2 0.72265625 0.3291015625 0.7265625 0.3251953125 0.720703125 0.2900390625 0.7060546875 0.28515625 0.701171875 0.2919921875 0.701171875 0.3271484375
2 0.115234375 0.5966796875 0.1279296875 0.58984375 0.134765625 0.5771484375 0.126953125 0.5244140625 0.1044921875 0.48828125 0.083984375 0.5009765625 0.083984375 0.5458984375 0.09765625 0.5888671875 0.1064453125 0.59765625
2 0.173828125 0.5634765625 0.1953125 0.5517578125 0.193359375 0.5166015625 0.171875 0.4814453125 0.1572265625 0.4765625 0.13671875 0.4912109375 0.13671875 0.5263671875 0.138671875 0.5361328125 0.1650390625 0.5625
2 0.236328125 0.5126953125 0.25390625 0.5048828125 0.25390625 0.4755859375 0.2294921875 0.44140625 0.2060546875 0.44140625 0.19140625 0.4580078125 0.19140625 0.4931640625 0.2197265625 0.51171875
2 0.177734375 0.4775390625 0.18359375 0.4697265625 0.1796875 0.4423828125 0.1650390625 0.421875 0.1435546875 0.421875 0.134765625 0.4326171875 0.13671875 0.4677734375 0.1513671875 0.4765625
2 0.072265625 0.5537109375 0.083984375 0.5439453125 0.08203125 0.5029296875 0.07421875 0.4755859375 0.0576171875 0.46484375 0.044921875 0.4775390625 0.046875 0.5263671875 0.056640625 0.5517578125
2 0.0390625 0.5126953125 0.044921875 0.5087890625 0.044921875 0.4736328125 0.05078125 0.4638671875 0.0419921875 0.44921875 0.0302734375 0.4453125 0.017578125 0.4541015625 0.01953125 0.4794921875 0.029296875 0.5107421875
2 0.060546875 0.4560546875 0.072265625 0.4482421875 0.072265625 0.4326171875 0.064453125 0.4130859375 0.0517578125 0.408203125 0.0390625 0.4228515625 0.041015625 0.4462890625 0.0517578125 0.45703125
2 0.00390625 0.4638671875 0.01171875 0.4599609375 0.015625 0.4365234375 0.0068359375 0.41796875 0 0.4189453125
2 0.07421875 0.4326171875 0.095703125 0.4130859375 0.0869140625 0.39453125 0.0732421875 0.396484375 0.06640625 0.4052734375
2 0.12109375 0.4091796875 0.115234375 0.3779296875 0.1005859375 0.376953125 0.08984375 0.3916015625 0.09375 0.4052734375 0.0986328125 0.41015625
6 0.03515625 0.4130859375 0.04296875 0.4091796875 0.044921875 0.3955078125 0.037109375 0.3740234375 0.0244140625 0.369140625 0.015625 0.3740234375 0.015625 0.4033203125 0.0185546875 0.412109375
6 0.09765625 0.4892578125 0.1171875 0.4833984375 0.115234375 0.4560546875 0.10546875 0.4326171875 0.0947265625 0.421875 0.0830078125 0.421875 0.07421875 0.4423828125 0.076171875 0.4736328125 0.0888671875 0.490234375
2 0.12109375 0.4599609375 0.1328125 0.4521484375 0.130859375 0.4287109375 0.1162109375 0.408203125 0.1064453125 0.40625 0.09375 0.4208984375 0.10546875 0.4326171875 0.115234375 0.4599609375
6 0.81640625 0.3017578125 0.818359375 0.2587890625 0.8037109375 0.25390625 0.802734375 0.2958984375
2 0.794921875 0.2666015625 0.794921875 0.2490234375 0.7880859375 0.244140625 0.783203125 0.2470703125 0.783203125 0.2646484375