2 0.48828125 0.6806640625 0.5009765625 0.6640625 0.5185546875 0.662109375 0.5302734375 0.646484375 0.5341796875 0.650390625 0.541015625 0.6455078125 0.55078125 0.6064453125 0.546875 0.5478515625 0.5078125 0.4755859375 0.4736328125 0.44921875 0.4541015625 0.4453125 0.4345703125 0.455078125 0.4228515625 0.470703125 0.3896484375 0.482421875 0.37109375 0.5029296875 0.36328125 0.5263671875 0.365234375 0.5810546875 0.3779296875 0.603515625 0.4052734375 0.60546875 0.4580078125 0.642578125 0.46875 0.6748046875
2 0.947265625 0.8095703125 0.95703125 0.7998046875 0.96484375 0.7587890625 0.966796875 0.6474609375 0.953125 0.6005859375 0.9375 0.5771484375 0.935546875 0.5361328125 0.9013671875 0.521484375 0.876953125 0.5419921875 0.87890625 0.5634765625 0.8583984375 0.58203125 0.8291015625 0.583984375 0.814453125 0.5927734375 0.80078125 0.6201171875 0.791015625 0.7177734375 0.8154296875 0.74609375 0.8759765625 0.767578125 0.9130859375 0.7890625 0.9267578125 0.80859375
9 0.296875 0.2314453125 0.306640625 0.2236328125 0.302734375 0.2060546875 0.30859375 0.1630859375 0.2998046875 0.109375 0.287109375 0.1455078125 0.291015625 0.2236328125
9 0.349609375 0.2568359375 0.353515625 0.1669921875 0.3427734375 0.138671875 0.33203125 0.2138671875 0.33984375 0.2333984375 0.3359375 0.2509765625
9 0.35546875 0.1064453125 0.357421875 0.0478515625 0.353515625 0.0087890625 0.3486328125 0.005859375 0.341796875 0.0576171875 0.345703125 0.1044921875
9 0.365234375 0.1064453125 0.3671875 0.0302734375 0.36328125 0.0146484375 0.3564453125 0.021484375 0.3486328125 0.005859375 0.341796875 0.0400390625 0.345703125 0.1044921875
9 0.78515625 0.5068359375 0.7861328125 0.494140625 0.798828125 0.4970703125 0.798828125 0.4755859375 0.791015625 0.4384765625 0.796875 0.3701171875 0.791015625 0.3486328125 0.7822265625 0.341796875 0.775390625 0.3525390625 0.775390625 0.4228515625 0.76171875 0.4990234375 0.7744140625 0.498046875
9 0.078125 0.6064453125 0.072265625 0.5244140625 0.064453125 0.4951171875 0.064453125 0.4150390625 0.0625 0.4013671875 0.0498046875 0.384765625 0.037109375 0.4287109375 0.0390625 0.4931640625 0.048828125 0.5322265625 0.04296875 0.5517578125 0.04296875 0.5927734375 0.0576171875 0.60546875
9 0.0390625 0.5517578125 0.044921875 0.5283203125 0.037109375 0.5185546875 0.033203125 0.3427734375 0.0283203125 0.337890625 0.015625 0.3857421875 0.01953125 0.5224609375 0.021484375 0.5478515625
9 0.166015625 0.4990234375 0.1796875 0.4189453125 0.177734375 0.3701171875 0.1669921875 0.333984375 0.162109375 0.3388671875 0.15625 0.3974609375 0.15625 0.4521484375
11 0.17578125 0.5498046875 0.1875 0.5400390625 0.189453125 0.5224609375 0.189453125 0.4814453125 0.1826171875 0.46875 0.171875 0.4736328125 0.1640625 0.5009765625 0.16796875 0.5478515625
11 0.173828125 0.6494140625 0.1875 0.6337890625 0.189453125 0.4833984375 0.1826171875 0.46875 0.171875 0.4736328125 0.166015625 0.4970703125 0.166015625 0.6376953125 0.16796875 0.6494140625
11 0.568359375 0.2451171875 0.576171875 0.2373046875 0.5732421875 0.181640625 0.560546875 0.1904296875 0.55859375 0.2373046875