2 0.283203125 0.5302734375 0.3125 0.5107421875 0.298828125 0.4658203125 0.2734375 0.4208984375 0.2548828125 0.400390625 0.2294921875 0.400390625 0.216796875 0.4248046875 0.22265625 0.4892578125 0.2646484375 0.52734375
2 0.55859375 0.5537109375 0.5673828125 0.544921875 0.5986328125 0.5390625 0.6162109375 0.544921875 0.638671875 0.5322265625 0.626953125 0.4814453125 0.5771484375 0.443359375 0.5361328125 0.447265625 0.52734375 0.4560546875 0.5234375 0.4736328125 0.51953125 0.5244140625 0.525390625 0.5400390625 0.5380859375 0.552734375
1 0.783203125 0.3271484375 0.7900390625 0.3125 0.8037109375 0.3203125 0.818359375 0.2998046875 0.818359375 0.2509765625 0.8056640625 0.244140625 0.798828125 0.2470703125 0.7978515625 0.265625 0.7958984375 0.248046875 0.78125 0.2548828125 0.7734375 0.2783203125 0.771484375 0.3232421875
2 0.908203125 0.3564453125 0.91015625 0.3193359375 0.9013671875 0.310546875 0.8916015625 0.310546875 0.888671875 0.3466796875
2 0.89453125 0.3017578125 0.896484375 0.2666015625 0.8798828125 0.255859375 0.873046875 0.2919921875
2 0.76953125 0.2998046875 0.77734375 0.2626953125 0.7607421875 0.251953125 0.744140625 0.2763671875 0.744140625 0.2919921875
2 0.07421875 0.3154296875 0.0849609375 0.310546875 0.087890625 0.3017578125 0.080078125 0.2783203125 0.0712890625 0.271484375 0.060546875 0.2822265625 0.060546875 0.2939453125 0.064453125 0.3134765625
2 0.0625 0.2529296875 0.07421875 0.2431640625 0.0673828125 0.216796875 0.05859375 0.2236328125
1 0.931640625 0.3076171875 0.931640625 0.2548828125 0.9189453125 0.24609375 0.912109375 0.2548828125 0.908203125 0.2939453125 0.9130859375 0.302734375
2 0.849609375 0.2861328125 0.8671875 0.2607421875 0.865234375 0.2431640625 0.8564453125 0.234375 0.8447265625 0.236328125 0.83203125 0.2568359375 0.833984375 0.2822265625
13 0.283203125 0.3779296875 0.28515625 0.3447265625 0.2783203125 0.322265625 0.2734375 0.3291015625 0.2734375 0.3681640625
13 0.0859375 0.2626953125 0.083984375 0.2158203125 0.0791015625 0.212890625 0.07421875 0.2177734375 0.076171875 0.2529296875 0.078125 0.2626953125
13 0.41796875 0.3349609375 0.421875 0.2216796875 0.4150390625 0.177734375 0.41015625 0.3251953125 0.412109375 0.3349609375