2 0.61328125 0.5732421875 0.6240234375 0.5625 0.6455078125 0.5546875 0.6611328125 0.556640625 0.671875 0.5478515625 0.67578125 0.5048828125 0.6513671875 0.478515625 0.6220703125 0.48046875 0.580078125 0.5244140625 0.580078125 0.5595703125
2 0.755859375 0.6357421875 0.79296875 0.5986328125 0.796875 0.5830078125 0.796875 0.5419921875 0.7666015625 0.525390625 0.7548828125 0.52734375 0.740234375 0.5419921875 0.716796875 0.5830078125 0.712890625 0.6025390625 0.71484375 0.6181640625 0.7294921875 0.630859375
2 0.8671875 0.6533203125 0.888671875 0.6123046875 0.89453125 0.5732421875 0.89453125 0.5400390625 0.8740234375 0.5234375 0.861328125 0.5283203125 0.841796875 0.5673828125 0.830078125 0.6337890625 0.8330078125 0.6484375 0.8427734375 0.64453125 0.8466796875 0.650390625
2 0.77734375 0.5068359375 0.7822265625 0.498046875 0.8046875 0.4892578125 0.802734375 0.4443359375 0.7900390625 0.43359375 0.7724609375 0.435546875 0.74609375 0.4716796875 0.74609375 0.4970703125
2 0.849609375 0.5322265625 0.873046875 0.5107421875 0.875 0.4521484375 0.8642578125 0.443359375 0.8544921875 0.443359375 0.83984375 0.4541015625 0.822265625 0.4892578125 0.822265625 0.5263671875
2 0.89453125 0.4853515625 0.9140625 0.4736328125 0.91796875 0.4560546875 0.91796875 0.4384765625 0.9013671875 0.423828125 0.8916015625 0.423828125 0.875 0.4462890625 0.876953125 0.4794921875
2 0.876953125 0.4443359375 0.896484375 0.4208984375 0.89453125 0.4111328125 0.8818359375 0.40234375 0.8701171875 0.404296875 0.853515625 0.4267578125 0.8564453125 0.44140625
2 0.927734375 0.5771484375 0.94140625 0.5556640625 0.94921875 0.5166015625 0.9453125 0.4833984375 0.9345703125 0.474609375 0.91796875 0.4833984375 0.90234375 0.5439453125 0.90234375 0.5654296875
2 0.97265625 0.5029296875 0.9921875 0.4541015625 0.9921875 0.4384765625 0.9833984375 0.423828125 0.9755859375 0.423828125 0.958984375 0.4423828125 0.94921875 0.4716796875 0.94921875 0.4931640625 0.9619140625 0.50390625
2 0.921875 0.4326171875 0.935546875 0.4228515625 0.9375 0.3994140625 0.9306640625 0.388671875 0.9189453125 0.384765625 0.904296875 0.4033203125 0.90234375 0.4208984375
2 0.302734375 0.4130859375 0.318359375 0.4072265625 0.318359375 0.3681640625 0.3076171875 0.349609375 0.29296875 0.3544921875 0.28515625 0.3935546875 0.28515625 0.4111328125
2 0.353515625 0.4169921875 0.3642578125 0.416015625 0.373046875 0.4072265625 0.3671875 0.3623046875 0.3603515625 0.353515625 0.341796875 0.3583984375 0.333984375 0.3974609375 0.3359375 0.4111328125
2 0.396484375 0.3857421875 0.40234375 0.3779296875 0.396484375 0.3427734375 0.3876953125 0.33203125 0.3740234375 0.333984375 0.3671875 0.3486328125 0.37109375 0.3818359375 0.3759765625 0.38671875
2 0.29296875 0.3505859375 0.3037109375 0.349609375 0.30859375 0.3427734375 0.306640625 0.3115234375 0.2998046875 0.298828125 0.28515625 0.3037109375 0.28515625 0.3486328125
2 0.171875 0.3388671875 0.181640625 0.3349609375 0.1787109375 0.3046875 0.16796875 0.3076171875 0.16015625 0.3349609375
2 0.974609375 0.4052734375 0.984375 0.4013671875 0.986328125 0.3837890625 0.9794921875 0.37109375 0.9697265625 0.369140625 0.958984375 0.3955078125
2 0.943359375 0.4169921875 0.95703125 0.4091796875 0.958984375 0.3740234375 0.9501953125 0.365234375 0.9404296875 0.365234375 0.931640625 0.3798828125 0.9375 0.4150390625
2 0.1875 0.3056640625 0.189453125 0.2880859375 0.1826171875 0.27734375 0.17578125 0.2802734375 0.171875 0.3037109375
2 0.193359375 0.2822265625 0.19921875 0.2783203125 0.1962890625 0.255859375 0.185546875 0.2587890625 0.185546875 0.2802734375
9 0.07421875 0.5439453125 0.095703125 0.5341796875 0.0810546875 0.458984375 0.07421875 0.4716796875 0.07421875 0.5166015625 0.06640625 0.5322265625
9 0.125 0.5009765625 0.138671875 0.4931640625 0.1298828125 0.431640625 0.126953125 0.4931640625 0.12109375 0.4990234375
9 0.158203125 0.4658203125 0.166015625 0.4580078125 0.162109375 0.4111328125 0.1552734375 0.40234375 0.154296875 0.4501953125 0.1484375 0.4658203125
9 0.203125 0.4833984375 0.208984375 0.4794921875 0.212890625 0.4404296875 0.2080078125 0.421875 0.19921875 0.4267578125 0.197265625 0.4423828125
3 0.830078125 0.7666015625 0.841796875 0.7236328125 0.8408203125 0.654296875 0.822265625 0.6748046875 0.80859375 0.7177734375 0.810546875 0.7607421875