6 0.24609375 0.9990234375 0.2607421875 0.97265625 0.2861328125 0.9609375 0.3134765625 0.9375 0.3974609375 0.90625 0.40625 0.8974609375 0.40625 0.8681640625 0.4267578125 0.8515625 0.4443359375 0.8515625 0.44921875 0.8447265625 0.4560546875 0.806640625 0.4814453125 0.810546875 0.486328125 0.8330078125 0.5009765625 0.845703125 0.515625 0.8291015625 0.5078125 0.7548828125 0.490234375 0.7138671875 0.4560546875 0.671875 0.4375 0.6630859375 0.419921875 0.6279296875 0.3876953125 0.59375 0.3720703125 0.59375 0.3525390625 0.58203125 0.2724609375 0.6015625 0.2666015625 0.6015625 0.2509765625 0.58203125 0.2578125 0.5947265625 0.2548828125 0.609375 0.2373046875 0.609375 0.2392578125 0.615234375 0.109375 0.6591796875 0.10546875 0.7255859375 0.1171875 0.7509765625 0.123046875 0.8310546875 0.1484375 0.9951171875 0.1513671875 1 0.1904296875 1 0.2060546875 0.994140625 0.2177734375 1
6 0.10546875 0.7099609375 0.11328125 0.6708984375 0.1337890625 0.65234375 0.2587890625 0.609375 0.275390625 0.5986328125 0.2734375 0.5927734375 0.2548828125 0.58203125 0.2197265625 0.541015625 0.1923828125 0.53125 0.1064453125 0.580078125 0.09375 0.5927734375 0.095703125 0.6552734375
3 0.521484375 0.5087890625 0.5361328125 0.490234375 0.5458984375 0.5078125 0.5556640625 0.5078125 0.5625 0.4931640625 0.552734375 0.4501953125 0.5302734375 0.4375 0.5244140625 0.427734375 0.51953125 0.4326171875 0.51953125 0.4619140625 0.505859375 0.4775390625 0.5078125 0.5029296875
8 0.451171875 0.9912109375 0.4931640625 0.98046875 0.52734375 0.9443359375 0.53125 0.9326171875 0.529296875 0.8876953125 0.48828125 0.8369140625 0.484375 0.8134765625 0.4638671875 0.802734375 0.4560546875 0.8046875 0.451171875 0.8154296875 0.453125 0.8408203125 0.447265625 0.8583984375 0.4267578125 0.857421875 0.408203125 0.8681640625 0.41015625 0.9111328125 0.41796875 0.9326171875 0.41796875 0.9814453125 0.4228515625 0.98828125
13 0.66796875 0.9580078125 0.6875 0.9443359375 0.693359375 0.9228515625 0.6962890625 0.806640625 0.6767578125 0.8125 0.669921875 0.8271484375
13 0.662109375 0.9990234375 0.6640625 0.9677734375 0.689453125 0.9404296875 0.6953125 0.8994140625 0.69921875 0.8154296875 0.6748046875 0.7890625 0.65625 0.8037109375 0.654296875 0.8232421875 0.6474609375 0.83203125 0.62890625 0.8330078125 0.62890625 0.8525390625 0.63671875 0.8623046875 0.6220703125 0.859375 0.60546875 0.8681640625 0.60546875 0.8818359375 0.6171875 0.8916015625 0.62109375 0.9208984375 0.603515625 0.9345703125 0.603515625 0.9462890625 0.61328125 0.9501953125 0.619140625 0.9755859375 0.603515625 0.9990234375
13 0.5234375 0.3388671875 0.52734375 0.2900390625 0.5205078125 0.28515625 0.51171875 0.2939453125 0.51171875 0.3154296875 0.513671875 0.3330078125
13 0.36328125 0.3525390625 0.373046875 0.3251953125 0.37109375 0.3095703125 0.3583984375 0.3046875 0.34765625 0.3173828125 0.35546875 0.3525390625
13 0.61328125 0.3974609375 0.61328125 0.3779296875 0.623046875 0.3681640625 0.623046875 0.3330078125 0.6083984375 0.322265625 0.59375 0.3330078125 0.59375 0.3623046875 0.595703125 0.3896484375
13 0.474609375 0.2861328125 0.4873046875 0.28515625 0.494140625 0.2763671875 0.4921875 0.2333984375 0.4814453125 0.22265625 0.455078125 0.2294921875 0.44921875 0.2568359375 0.4609375 0.2841796875
2 0.4453125 0.2998046875 0.4580078125 0.296875 0.4609375 0.2900390625 0.4501953125 0.26171875 0.4365234375 0.263671875 0.42578125 0.2763671875 0.42578125 0.2978515625