2 0.490234375 0.8720703125 0.5029296875 0.86328125 0.5419921875 0.86328125 0.55078125 0.8544921875 0.55078125 0.8134765625 0.54296875 0.7744140625 0.5185546875 0.73046875 0.4814453125 0.736328125 0.462890625 0.7626953125 0.46484375 0.8115234375 0.478515625 0.8408203125 0.482421875 0.8662109375
2 0.576171875 0.7353515625 0.6123046875 0.734375 0.615234375 0.7236328125 0.607421875 0.6689453125 0.599609375 0.6494140625 0.5908203125 0.64453125 0.5595703125 0.6484375 0.544921875 0.6748046875 0.548828125 0.7119140625 0.5673828125 0.736328125
2 0.435546875 0.5673828125 0.447265625 0.5615234375 0.443359375 0.5146484375 0.4384765625 0.509765625 0.4150390625 0.509765625 0.40625 0.5263671875 0.408203125 0.5654296875
2 0.443359375 0.5029296875 0.44140625 0.4541015625 0.4228515625 0.44921875 0.416015625 0.4599609375 0.4140625 0.5009765625
2 0.41015625 0.4189453125 0.41796875 0.4052734375 0.3994140625 0.400390625 0.396484375 0.4169921875
2 0.474609375 0.4697265625 0.4765625 0.4423828125 0.470703125 0.4208984375 0.4560546875 0.416015625 0.4453125 0.4345703125 0.447265625 0.4658203125 0.4501953125 0.470703125
2 0.400390625 0.4501953125 0.419921875 0.4462890625 0.419921875 0.4306640625 0.4111328125 0.419921875 0.390625 0.4267578125 0.390625 0.4423828125
2 0.44921875 0.4111328125 0.451171875 0.3681640625 0.4345703125 0.357421875 0.42578125 0.3681640625 0.427734375 0.4033203125 0.4345703125 0.41015625
2 0.634765625 0.5400390625 0.650390625 0.5361328125 0.6484375 0.5009765625 0.6337890625 0.47265625 0.6123046875 0.47265625 0.61328125 0.5263671875 0.6201171875 0.5390625
2 0.662109375 0.4833984375 0.662109375 0.4658203125 0.6552734375 0.45703125 0.6376953125 0.455078125 0.630859375 0.4599609375 0.6416015625 0.484375
2 0.68359375 0.4755859375 0.69140625 0.4697265625 0.693359375 0.4501953125 0.6787109375 0.4375 0.6591796875 0.439453125 0.658203125 0.4541015625 0.669921875 0.4716796875
2 0.66015625 0.5087890625 0.66796875 0.4912109375 0.662109375 0.4619140625 0.6533203125 0.455078125 0.6376953125 0.455078125 0.6328125 0.4580078125 0.634765625 0.4755859375 0.650390625 0.5068359375
2 0.609375 0.4501953125 0.6064453125 0.419921875 0.576171875 0.4208984375 0.5849609375 0.443359375
2 0.564453125 0.5009765625 0.5703125 0.4853515625 0.5703125 0.4345703125 0.5615234375 0.419921875 0.5478515625 0.419921875 0.544921875 0.4892578125
2 0.626953125 0.4150390625 0.62890625 0.3955078125 0.6103515625 0.380859375 0.6083984375 0.388671875 0.6005859375 0.384765625 0.599609375 0.4111328125
2 0.59375 0.4052734375 0.5927734375 0.396484375 0.576171875 0.3955078125 0.5771484375 0.40625
2 0.576171875 0.5107421875 0.58203125 0.5029296875 0.58203125 0.4833984375 0.5849609375 0.48046875 0.5859375 0.4892578125 0.5927734375 0.490234375 0.59765625 0.4755859375 0.609375 0.4658203125 0.61328125 0.4208984375 0.6181640625 0.416015625 0.630859375 0.4189453125 0.6328125 0.3994140625 0.5830078125 0.365234375 0.5751953125 0.3515625 0.5556640625 0.3515625 0.544921875 0.3974609375 0.548828125 0.4130859375 0.55859375 0.4169921875 0.54296875 0.4228515625 0.54296875 0.4716796875 0.548828125 0.4892578125 0.5576171875 0.498046875 0.5712890625 0.5
8 0.4140625 0.7939453125 0.421875 0.7802734375 0.423828125 0.7197265625 0.416015625 0.6923828125 0.4140625 0.6494140625 0.4072265625 0.6484375 0.3984375 0.6923828125 0.400390625 0.7822265625
8 0.392578125 0.6826171875 0.400390625 0.6650390625 0.396484375 0.6162109375 0.3876953125 0.607421875 0.37890625 0.6201171875 0.37890625 0.6630859375 0.380859375 0.6767578125
8 0.376953125 0.5068359375 0.384765625 0.4931640625 0.3798828125 0.458984375 0.37109375 0.4755859375
8 0.3671875 0.4443359375 0.37109375 0.4189453125 0.3642578125 0.41015625 0.359375 0.4384765625
8 0.41015625 0.3603515625 0.41015625 0.3310546875 0.3955078125 0.330078125 0.39453125 0.3603515625