13 0.0078125 0.6337890625 0.017578125 0.5810546875 0.013671875 0.5654296875 0.0009765625 0.5546875 0 0.6318359375
11 0.107421875 0.7685546875 0.11328125 0.7587890625 0.109375 0.6904296875 0.103515625 0.6513671875 0.0947265625 0.642578125 0.087890625 0.6513671875 0.0859375 0.6728515625 0.09765625 0.7119140625 0.1015625 0.7646484375
8 0.50390625 0.6884765625 0.50390625 0.6806640625 0.486328125 0.6650390625 0.484375 0.6474609375 0.4921875 0.6318359375 0.484375 0.6201171875 0.482421875 0.5869140625 0.4775390625 0.583984375 0.474609375 0.5966796875 0.458984375 0.6103515625 0.451171875 0.6650390625 0.4794921875 0.6875
3 0.533203125 0.5673828125 0.546875 0.5615234375 0.5458984375 0.494140625 0.54296875 0.5166015625 0.52734375 0.5302734375 0.521484375 0.5458984375 0.51953125 0.5634765625
3 0.66015625 0.5732421875 0.65234375 0.5185546875 0.6416015625 0.505859375 0.638671875 0.5361328125 0.62890625 0.5556640625 0.630859375 0.5673828125 0.6376953125 0.57421875
2 0.861328125 0.7744140625 0.888671875 0.7568359375 0.888671875 0.7119140625 0.884765625 0.6923828125 0.8486328125 0.658203125 0.8076171875 0.65234375 0.74609375 0.6845703125 0.73828125 0.7353515625 0.7470703125 0.748046875 0.7685546875 0.759765625 0.7861328125 0.751953125 0.8349609375 0.759765625 0.8505859375 0.7734375
2 0.857421875 0.9990234375 0.859375 0.9482421875 0.84765625 0.8994140625 0.833984375 0.8681640625 0.8193359375 0.857421875 0.7822265625 0.857421875 0.7412109375 0.869140625 0.6982421875 0.9140625 0.66015625 0.9365234375 0.64453125 0.9716796875 0.6455078125 1
2 0.47265625 0.5205078125 0.4951171875 0.515625 0.501953125 0.5048828125 0.501953125 0.4658203125 0.4951171875 0.451171875 0.4736328125 0.451171875 0.46484375 0.4619140625 0.46484375 0.5185546875
2 0.6171875 0.5556640625 0.619140625 0.5087890625 0.611328125 0.4814453125 0.6044921875 0.474609375 0.5849609375 0.4765625 0.578125 0.5107421875 0.58203125 0.5537109375
2 0.576171875 0.5166015625 0.58203125 0.4775390625 0.603515625 0.4697265625 0.5947265625 0.46875 0.5908203125 0.4609375 0.5751953125 0.4609375 0.568359375 0.4755859375 0.56640625 0.5029296875 0.568359375 0.5126953125
2 0.5703125 0.4755859375 0.5751953125 0.4609375 0.599609375 0.4599609375 0.5888671875 0.44140625 0.56640625 0.4443359375 0.560546875 0.4638671875 0.5625 0.4736328125
11 0.5625 0.5869140625 0.56640625 0.5263671875 0.5556640625 0.51953125 0.546875 0.5322265625 0.548828125 0.5810546875
11 0.994140625 0.6455078125 1 0.6396484375 1 0.5771484375 0.9892578125 0.57421875 0.966796875 0.5927734375 0.962890625 0.6142578125 0.970703125 0.6357421875
1 0.4296875 0.4912109375 0.4541015625 0.484375 0.462890625 0.4677734375 0.4609375 0.4169921875 0.4521484375 0.408203125 0.4306640625 0.41015625 0.419921875 0.4228515625 0.419921875 0.4833984375
6 0.51953125 0.4482421875 0.521484375 0.3955078125 0.5009765625 0.392578125 0.4921875 0.4033203125 0.494140625 0.4482421875
2 0.583984375 0.4248046875 0.580078125 0.3955078125 0.5673828125 0.392578125 0.5625 0.4111328125 0.5732421875 0.423828125
2 0.6328125 0.4580078125 0.6328125 0.4287109375 0.6162109375 0.419921875 0.609375 0.4306640625 0.611328125 0.4541015625
2 0.396484375 0.5908203125 0.431640625 0.5830078125 0.427734375 0.5283203125 0.4169921875 0.51171875 0.3994140625 0.51171875 0.384765625 0.5302734375 0.388671875 0.5849609375