2 0.392578125 0.5712890625 0.421875 0.5556640625 0.419921875 0.5244140625 0.3779296875 0.48046875 0.3505859375 0.478515625 0.32421875 0.5068359375 0.328125 0.5478515625 0.3369140625 0.556640625 0.3525390625 0.5546875 0.3720703125 0.560546875 0.3837890625 0.572265625
2 0.248046875 0.6357421875 0.2822265625 0.62109375 0.287109375 0.6025390625 0.283203125 0.5830078125 0.26171875 0.5458984375 0.2451171875 0.52734375 0.2333984375 0.525390625 0.203125 0.5419921875 0.203125 0.5849609375 0.205078125 0.5966796875 0.2431640625 0.63671875
2 0.142578125 0.6494140625 0.1640625 0.6396484375 0.166015625 0.6044921875 0.1484375 0.5439453125 0.1279296875 0.5234375 0.10546875 0.5400390625 0.107421875 0.5947265625 0.125 0.6455078125
2 0.080078125 0.5751953125 0.09765625 0.5634765625 0.095703125 0.5283203125 0.080078125 0.4814453125 0.0654296875 0.474609375 0.0546875 0.4814453125 0.05078125 0.4970703125 0.0546875 0.5400390625 0.06640625 0.5712890625
2 0.16015625 0.5322265625 0.1796875 0.5205078125 0.177734375 0.4853515625 0.162109375 0.4541015625 0.1376953125 0.443359375 0.125 0.4560546875 0.126953125 0.5107421875 0.1513671875 0.533203125
2 0.232421875 0.5068359375 0.25390625 0.5009765625 0.25390625 0.4697265625 0.2275390625 0.435546875 0.2041015625 0.435546875 0.193359375 0.4599609375 0.1953125 0.4912109375
2 0.115234375 0.4833984375 0.123046875 0.4775390625 0.125 0.4462890625 0.1025390625 0.421875 0.08203125 0.4404296875 0.083984375 0.4697265625 0.1025390625 0.484375
2 0.130859375 0.4443359375 0.1435546875 0.44140625 0.146484375 0.4287109375 0.13671875 0.4130859375 0.1201171875 0.40234375 0.103515625 0.4189453125 0.1171875 0.4287109375 0.1259765625 0.4453125
2 0.037109375 0.5029296875 0.05078125 0.4931640625 0.048828125 0.4619140625 0.03515625 0.4345703125 0.0205078125 0.421875 0.0078125 0.4404296875 0.009765625 0.4599609375 0.0234375 0.4970703125 0.0283203125 0.50390625
2 0.0859375 0.4306640625 0.09765625 0.4208984375 0.095703125 0.4052734375 0.087890625 0.3896484375 0.0751953125 0.384765625 0.0625 0.3974609375 0.0625 0.4150390625 0.0693359375 0.427734375
2 0.625 0.3857421875 0.6328125 0.3681640625 0.6328125 0.3466796875 0.6259765625 0.333984375 0.6123046875 0.33203125 0.599609375 0.3564453125 0.59765625 0.3798828125 0.6044921875 0.38671875
2 0.66015625 0.4150390625 0.666015625 0.4033203125 0.66015625 0.3642578125 0.6533203125 0.353515625 0.6416015625 0.353515625 0.630859375 0.3720703125 0.626953125 0.4072265625 0.6376953125 0.416015625
2 0.712890625 0.4130859375 0.716796875 0.3994140625 0.708984375 0.3603515625 0.7041015625 0.3515625 0.6923828125 0.349609375 0.681640625 0.3701171875 0.681640625 0.4072265625
2 0.71484375 0.3505859375 0.71484375 0.3037109375 0.7001953125 0.298828125 0.69140625 0.3212890625 0.69140625 0.3447265625
2 0.83984375 0.3388671875 0.833984375 0.3095703125 0.8193359375 0.3046875 0.818359375 0.3349609375
3 0.177734375 0.7666015625 0.189453125 0.7587890625 0.189453125 0.7001953125 0.1572265625 0.64453125 0.162109375 0.7470703125 0.16796875 0.7626953125
9 0.80078125 0.4833984375 0.80078125 0.4326171875 0.7958984375 0.42578125 0.7890625 0.4365234375 0.791015625 0.4794921875
9 0.84765625 0.4658203125 0.8427734375 0.40234375 0.8359375 0.4208984375 0.833984375 0.4658203125
9 0.880859375 0.5009765625 0.873046875 0.4931640625 0.875 0.4384765625 0.8701171875 0.431640625 0.861328125 0.4931640625
9 0.92578125 0.5380859375 0.92578125 0.4677734375 0.9169921875 0.458984375 0.908203125 0.5283203125
9 0.0234375 0.6318359375 0.0234375 0.5771484375 0.0107421875 0.5546875 0.0078125 0.5771484375 0.017578125 0.6298828125