2 0.455078125 0.5537109375 0.47265625 0.5439453125 0.48046875 0.5244140625 0.47265625 0.4560546875 0.4560546875 0.4453125 0.4189453125 0.4453125 0.37109375 0.4833984375 0.359375 0.5302734375 0.3818359375 0.54296875 0.4130859375 0.541015625
2 0.73046875 0.5283203125 0.7705078125 0.49609375 0.779296875 0.4814453125 0.78125 0.4150390625 0.7724609375 0.40234375 0.7587890625 0.396484375 0.7490234375 0.3984375 0.7265625 0.4208984375 0.6875 0.5029296875 0.689453125 0.5126953125 0.7060546875 0.52734375
2 0.095703125 0.3564453125 0.111328125 0.3466796875 0.1083984375 0.310546875 0.0986328125 0.310546875 0.08984375 0.3193359375 0.08984375 0.3544921875
2 0.07421875 0.3076171875 0.08984375 0.2998046875 0.08984375 0.2685546875 0.0810546875 0.24609375 0.068359375 0.2548828125 0.06640625 0.3037109375
2 0.109375 0.3017578125 0.1220703125 0.296875 0.126953125 0.2861328125 0.123046875 0.2607421875 0.1162109375 0.255859375 0.103515625 0.2685546875 0.103515625 0.2978515625
2 0.158203125 0.2861328125 0.16796875 0.2802734375 0.16796875 0.2587890625 0.1533203125 0.24609375 0.142578125 0.2548828125 0.142578125 0.2783203125 0.1474609375 0.28515625
4 0.2265625 0.3251953125 0.23046875 0.3037109375 0.220703125 0.2587890625 0.2138671875 0.25 0.1923828125 0.244140625 0.1796875 0.2529296875 0.18359375 0.3115234375 0.1962890625 0.3203125 0.2080078125 0.314453125 0.2158203125 0.32421875
2 0.93359375 0.3154296875 0.9375 0.2802734375 0.9267578125 0.271484375 0.912109375 0.3056640625
2 0.94140625 0.2509765625 0.94140625 0.2236328125 0.9326171875 0.216796875 0.92578125 0.2431640625
13 0.72265625 0.3759765625 0.7265625 0.3291015625 0.7216796875 0.322265625 0.71484375 0.3681640625 0.716796875 0.3759765625
13 0.814453125 0.1923828125 0.818359375 0.1455078125 0.8154296875 0.138671875 0.8056640625 0.13671875 0.8046875 0.1884765625
13 0.587890625 0.3349609375 0.5849609375 0.17578125 0.578125 0.2333984375 0.580078125 0.3349609375
13 0.3359375 0.2822265625 0.333984375 0.2001953125 0.3271484375 0.1953125
13 0.4140625 0.2021484375 0.416015625 0.1845703125 0.4072265625 0.177734375 0.40625 0.2001953125
13 0.748046875 0.3291015625 0.751953125 0.2978515625 0.7412109375 0.291015625 0.736328125 0.2958984375 0.736328125 0.3271484375
3 0.705078125 0.4580078125 0.716796875 0.4404296875 0.7119140625 0.384765625 0.701171875 0.3955078125 0.6953125 0.4169921875 0.6640625 0.4384765625 0.6787109375 0.4453125 0.6865234375 0.45703125
13 0.921875 0.2626953125 0.92578125 0.2177734375 0.9189453125 0.212890625 0.9140625 0.2607421875