6 0.501953125 0.7080078125 0.53515625 0.6689453125 0.52734375 0.5302734375 0.4443359375 0.51171875 0.4033203125 0.517578125 0.390625 0.5302734375 0.36328125 0.6083984375 0.36328125 0.6572265625 0.3779296875 0.669921875 0.4541015625 0.693359375 0.4638671875 0.70703125
6 0.62890625 0.4951171875 0.6337890625 0.48828125 0.6611328125 0.494140625 0.666015625 0.4873046875 0.671875 0.4033203125 0.6650390625 0.375 0.6474609375 0.373046875 0.63671875 0.3837890625 0.62109375 0.4638671875 0.62109375 0.4912109375
5 0.302734375 0.6337890625 0.3173828125 0.630859375 0.337890625 0.6142578125 0.341796875 0.5908203125 0.337890625 0.4912109375 0.3193359375 0.46484375 0.2685546875 0.46875 0.2490234375 0.4765625 0.234375 0.4951171875 0.2265625 0.5263671875 0.232421875 0.6005859375 0.2392578125 0.607421875 0.2861328125 0.619140625 0.2958984375 0.634765625
1 0.2578125 0.9990234375 0.294921875 0.9599609375 0.30859375 0.9287109375 0.296875 0.8076171875 0.298828125 0.7763671875 0.28515625 0.7119140625 0.1953125 0.6357421875 0.193359375 0.6162109375 0.1845703125 0.6015625 0.1376953125 0.5703125 0.1142578125 0.58203125 0.0908203125 0.560546875 0.0576171875 0.55078125 0.0234375 0.5810546875 0.02734375 0.6533203125 0.046875 0.7333984375 0.087890625 0.7900390625 0.103515625 0.8310546875 0.193359375 0.9716796875 0.2138671875 0.994140625
2 0.33984375 0.7685546875 0.3603515625 0.763671875 0.37890625 0.7509765625 0.37890625 0.6982421875 0.384765625 0.6865234375 0.3525390625 0.6484375 0.3291015625 0.642578125 0.2919921875 0.669921875 0.275390625 0.6943359375 0.287109375 0.7080078125 0.29296875 0.7353515625
2 0.82421875 0.8955078125 0.8310546875 0.89453125 0.853515625 0.8662109375 0.857421875 0.7744140625 0.8232421875 0.73828125 0.8056640625 0.73046875 0.7763671875 0.728515625 0.7431640625 0.75390625 0.7236328125 0.755859375 0.7109375 0.7666015625 0.69921875 0.7861328125 0.69140625 0.8349609375 0.7177734375 0.875 0.7373046875 0.869140625 0.7705078125 0.873046875 0.8037109375 0.880859375 0.8115234375 0.896484375
2 0.169921875 0.5517578125 0.1953125 0.5302734375 0.193359375 0.5048828125 0.1748046875 0.484375 0.15234375 0.4990234375 0.14453125 0.5166015625 0.14453125 0.5439453125
2 0.052734375 0.5048828125 0.072265625 0.4873046875 0.068359375 0.4560546875 0.0634765625 0.44921875 0.0400390625 0.4453125 0.03125 0.4619140625 0.03125 0.4951171875
2 0.673828125 0.4189453125 0.677734375 0.3603515625 0.6728515625 0.34765625 0.6591796875 0.345703125 0.65234375 0.3505859375 0.650390625 0.3720703125 0.66796875 0.3779296875
2 0.765625 0.3896484375 0.759765625 0.3369140625 0.7431640625 0.333984375 0.736328125 0.3466796875 0.732421875 0.3857421875
2 0.681640625 0.3583984375 0.681640625 0.3037109375 0.6650390625 0.298828125 0.66015625 0.3056640625 0.66015625 0.3447265625 0.6728515625 0.34765625
9 0.6953125 0.7138671875 0.6953125 0.6103515625 0.6865234375 0.587890625 0.677734375 0.6123046875 0.677734375 0.7080078125
9 0.611328125 0.9990234375 0.6171875 0.9814453125 0.623046875 0.8857421875 0.61328125 0.8330078125 0.6083984375 0.830078125 0.59375 0.8720703125 0.595703125 0.9248046875 0.58984375 0.9482421875 0.595703125 0.9697265625 0.564453125 0.9990234375
9 0.666015625 0.9970703125 0.6796875 0.9931640625 0.68359375 0.9775390625 0.67578125 0.8974609375 0.6796875 0.8779296875 0.6728515625 0.8671875 0.666015625 0.8701171875 0.65625 0.9345703125 0.658203125 0.9951171875
9 0.53515625 0.4736328125 0.544921875 0.4677734375 0.55078125 0.4208984375 0.5419921875 0.37890625 0.537109375 0.3837890625 0.537109375 0.4052734375 0.5302734375 0.40234375 0.53125 0.4150390625 0.5263671875 0.412109375 0.5234375 0.4189453125 0.52734375 0.4638671875
9 0.5546875 0.4931640625 0.560546875 0.4384765625 0.5517578125 0.42578125 0.546875 0.4541015625 0.548828125 0.4912109375
9 0.49609375 0.4638671875 0.5 0.4189453125 0.4892578125 0.392578125 0.490234375 0.4638671875
9 0.470703125 0.5146484375 0.470703125 0.4775390625 0.4580078125 0.46875 0.447265625 0.4775390625 0.447265625 0.5107421875
9 0.728515625 0.5146484375 0.734375 0.4541015625 0.7255859375 0.431640625 0.71875 0.4775390625 0.720703125 0.5107421875
9 0.748046875 0.5048828125 0.751953125 0.4482421875 0.7451171875 0.43359375 0.73828125 0.4677734375 0.740234375 0.4990234375