2 0.140625 0.8505859375 0.1435546875 0.84375 0.1689453125 0.8359375 0.1826171875 0.822265625 0.2353515625 0.81640625 0.2529296875 0.83203125 0.26953125 0.8193359375 0.283203125 0.7939453125 0.283203125 0.7783203125 0.27734375 0.7333984375 0.2607421875 0.708984375 0.2158203125 0.69921875 0.1962890625 0.681640625 0.1513671875 0.69140625 0.1328125 0.7080078125 0.125 0.8037109375 0.12890625 0.8291015625
2 0.7734375 0.7060546875 0.7880859375 0.685546875 0.8134765625 0.681640625 0.8203125 0.6748046875 0.82421875 0.6318359375 0.7998046875 0.6015625 0.7744140625 0.603515625 0.7529296875 0.595703125 0.736328125 0.6201171875 0.734375 0.6650390625 0.740234375 0.6845703125 0.7568359375 0.701171875
6 0.73828125 0.6162109375 0.74609375 0.5966796875 0.7646484375 0.58984375 0.7783203125 0.58984375 0.7763671875 0.59765625 0.7939453125 0.59765625 0.8056640625 0.60546875 0.818359375 0.6005859375 0.818359375 0.5595703125 0.810546875 0.5205078125 0.7958984375 0.4921875 0.7783203125 0.486328125 0.7294921875 0.48828125 0.720703125 0.4970703125 0.712890625 0.5966796875 0.7275390625 0.61328125
6 0.876953125 0.5810546875 0.91015625 0.5732421875 0.91796875 0.5166015625 0.912109375 0.4853515625 0.9033203125 0.4765625 0.8759765625 0.462890625 0.8603515625 0.462890625 0.849609375 0.4853515625 0.845703125 0.5537109375 0.8544921875 0.572265625
2 0.884765625 0.7978515625 0.919921875 0.7490234375 0.923828125 0.7060546875 0.912109375 0.6845703125 0.8955078125 0.669921875 0.876953125 0.6787109375 0.84765625 0.7451171875 0.853515625 0.7822265625 0.8681640625 0.794921875
2 0.9765625 0.8447265625 0.994140625 0.8271484375 1 0.7744140625 1 0.7236328125 0.9833984375 0.705078125 0.962890625 0.7255859375 0.94140625 0.7841796875 0.9453125 0.8271484375 0.9658203125 0.845703125
2 0.265625 0.4912109375 0.275390625 0.4833984375 0.265625 0.4169921875 0.2607421875 0.40625 0.2490234375 0.404296875 0.236328125 0.4130859375 0.234375 0.4716796875 0.2431640625 0.486328125 0.25 0.4853515625 0.2490234375 0.4921875
2 0.341796875 0.4990234375 0.3564453125 0.4921875 0.3681640625 0.494140625 0.376953125 0.4833984375 0.365234375 0.3955078125 0.359375 0.3798828125 0.3505859375 0.375 0.33203125 0.3798828125 0.326171875 0.4111328125 0.333984375 0.4951171875
2 0.244140625 0.3916015625 0.267578125 0.3837890625 0.2548828125 0.3359375 0.240234375 0.3408203125 0.236328125 0.3564453125 0.236328125 0.3876953125
2 0.322265625 0.3583984375 0.3271484375 0.349609375 0.341796875 0.3447265625 0.33984375 0.3115234375 0.3330078125 0.30078125 0.3203125 0.3017578125 0.314453125 0.3251953125 0.314453125 0.3447265625
9 0.638671875 0.7197265625 0.646484375 0.7080078125 0.646484375 0.6689453125 0.65625 0.6357421875 0.6494140625 0.5859375 0.630859375 0.6337890625 0.62890625 0.7158203125
9 0.69140625 0.7060546875 0.701171875 0.6279296875 0.6943359375 0.58203125 0.6796875 0.6357421875 0.681640625 0.7041015625
9 0.298828125 0.6669921875 0.30078125 0.5908203125 0.2919921875 0.5703125 0.283203125 0.6083984375 0.287109375 0.6630859375
9 0.310546875 0.6494140625 0.3125 0.5732421875 0.30859375 0.5498046875 0.3037109375 0.548828125 0.30078125 0.6474609375
9 0.37109375 0.6103515625 0.376953125 0.6005859375 0.375 0.5517578125 0.3681640625 0.533203125 0.361328125 0.6044921875
8 0.3515625 0.6123046875 0.353515625 0.5595703125 0.3486328125 0.55859375 0.341796875 0.5771484375 0.341796875 0.6123046875
2 0.955078125 0.5087890625 0.953125 0.4658203125 0.9345703125 0.453125 0.927734375 0.4931640625 0.9462890625 0.509765625
2 0.984375 0.5380859375 0.990234375 0.5341796875 0.98828125 0.5029296875 0.9794921875 0.4921875 0.9716796875 0.4921875 0.962890625 0.5224609375 0.9697265625 0.533203125
9 0.646484375 0.5224609375 0.65234375 0.4990234375 0.6455078125 0.4609375 0.638671875 0.4775390625 0.638671875 0.5185546875
9 0.4765625 0.4677734375 0.478515625 0.4150390625 0.474609375 0.4052734375 0.4619140625 0.3984375 0.458984375 0.4638671875
9 0.576171875 0.4501953125 0.576171875 0.4033203125 0.56640625 0.3974609375 0.5576171875 0.373046875 0.5546875 0.4228515625 0.560546875 0.4443359375
9 0.408203125 0.4248046875 0.416015625 0.3935546875 0.4111328125 0.36328125 0.40234375 0.3759765625 0.40234375 0.4150390625
9 0.29296875 0.5263671875 0.296875 0.4697265625 0.2861328125 0.435546875 0.279296875 0.4755859375 0.28515625 0.5185546875