6 0.8515625 0.9990234375 0.873046875 0.8623046875 0.8828125 0.7490234375 0.890625 0.7333984375 0.890625 0.6826171875 0.8828125 0.6650390625 0.8662109375 0.65234375 0.7509765625 0.611328125 0.7578125 0.6064453125 0.7568359375 0.595703125 0.7529296875 0.60546875 0.7421875 0.6064453125 0.7529296875 0.5859375 0.7724609375 0.587890625 0.765625 0.5908203125 0.7666015625 0.607421875 0.7802734375 0.609375 0.7861328125 0.599609375 0.8017578125 0.603515625 0.8154296875 0.6171875 0.8271484375 0.6171875 0.8466796875 0.63671875 0.859375 0.6298828125 0.85546875 0.6220703125 0.8486328125 0.625 0.8486328125 0.6171875 0.8408203125 0.62109375 0.826171875 0.6123046875 0.8271484375 0.607421875 0.83984375 0.6083984375 0.8408203125 0.587890625 0.8662109375 0.595703125 0.8681640625 0.607421875 0.8740234375 0.595703125 0.8896484375 0.595703125 0.8984375 0.6103515625 0.8974609375 0.625 0.90234375 0.6240234375 0.904296875 0.5927734375 0.8544921875 0.560546875 0.8447265625 0.5625 0.8427734375 0.572265625 0.83203125 0.5595703125 0.83984375 0.5537109375 0.8291015625 0.55078125 0.828125 0.5712890625 0.8359375 0.5810546875 0.828125 0.5908203125 0.8349609375 0.591796875 0.8359375 0.5986328125 0.8271484375 0.6015625 0.7939453125 0.59765625 0.7939453125 0.587890625 0.8056640625 0.595703125 0.80859375 0.5908203125 0.7919921875 0.578125 0.7822265625 0.58203125 0.7763671875 0.57421875 0.7607421875 0.58203125 0.7646484375 0.564453125 0.7314453125 0.6015625 0.6552734375 0.58203125 0.6279296875 0.59375 0.6123046875 0.59375 0.580078125 0.6298828125 0.5625 0.6630859375 0.5498046875 0.66796875 0.509765625 0.7138671875 0.4921875 0.7529296875 0.484375 0.8330078125 0.4970703125 0.84765625 0.5146484375 0.84375 0.515625 0.8076171875 0.5322265625 0.8046875 0.54296875 0.8173828125 0.5546875 0.8525390625 0.5830078125 0.859375 0.59375 0.8681640625 0.595703125 0.8955078125 0.6044921875 0.904296875 0.6279296875 0.916015625 0.6591796875 0.921875 0.7001953125 0.943359375 0.7099609375 0.95703125 0.7421875 0.9755859375 0.7529296875 1
8 0.560546875 0.9951171875 0.58203125 0.9814453125 0.58203125 0.9326171875 0.59375 0.8974609375 0.59375 0.8701171875 0.5810546875 0.861328125 0.5537109375 0.865234375 0.544921875 0.8310546875 0.548828125 0.8154296875 0.5341796875 0.810546875 0.53125 0.8291015625 0.5048828125 0.84375 0.48828125 0.8720703125 0.47265625 0.8857421875 0.46875 0.9306640625 0.474609375 0.9482421875 0.5166015625 0.98828125
13 0.396484375 0.9990234375 0.380859375 0.9814453125 0.384765625 0.9521484375 0.396484375 0.9462890625 0.396484375 0.9345703125 0.376953125 0.9208984375 0.3828125 0.8896484375 0.39453125 0.8837890625 0.39453125 0.8681640625 0.37109375 0.8544921875 0.37109375 0.8330078125 0.3505859375 0.83203125 0.341796875 0.8017578125 0.3330078125 0.791015625 0.3232421875 0.791015625 0.3134765625 0.80859375 0.302734375 0.8095703125 0.30859375 0.9345703125 0.3125 0.9443359375 0.333984375 0.9599609375 0.3388671875 1
3 0.484375 0.5107421875 0.4921875 0.5029296875 0.494140625 0.4775390625 0.48046875 0.4619140625 0.48046875 0.4287109375 0.4755859375 0.423828125 0.4736328125 0.435546875 0.447265625 0.4501953125 0.4375 0.4931640625 0.4482421875 0.509765625 0.4638671875 0.4921875 0.4794921875 0.51171875
13 0.642578125 0.3544921875 0.65234375 0.3134765625 0.6376953125 0.3046875 0.62890625 0.3095703125 0.626953125 0.3271484375 0.63671875 0.3427734375 0.63671875 0.3544921875
2 0.578125 0.5458984375 0.5859375 0.4619140625 0.5771484375 0.45703125 0.552734375 0.4638671875 0.546875 0.5126953125 0.55078125 0.5361328125 0.5615234375 0.544921875
2 0.623046875 0.5888671875 0.6533203125 0.578125 0.6884765625 0.5859375 0.6953125 0.5712890625 0.6953125 0.5322265625 0.689453125 0.5107421875 0.67578125 0.4912109375 0.6318359375 0.455078125 0.6123046875 0.44921875 0.59765625 0.4580078125 0.59375 0.5693359375 0.6064453125 0.583984375
2 0.892578125 0.7392578125 0.904296875 0.6533203125 0.904296875 0.5908203125 0.8115234375 0.533203125 0.7802734375 0.541015625 0.7265625 0.5986328125 0.7470703125 0.611328125 0.8662109375 0.65234375 0.888671875 0.6767578125
2 0.568359375 0.3017578125 0.57421875 0.2978515625 0.57421875 0.2783203125 0.5634765625 0.263671875 0.5498046875 0.26171875 0.5390625 0.2919921875 0.5439453125 0.298828125
1 0.533203125 0.2880859375 0.55078125 0.2587890625 0.546875 0.2333984375 0.5380859375 0.224609375 0.5166015625 0.22265625 0.5078125 0.2314453125 0.505859375 0.2763671875 0.5107421875 0.28515625
13 0.48046875 0.3408203125 0.486328125 0.3349609375 0.48828125 0.2939453125 0.4755859375 0.287109375 0.47265625 0.3193359375 0.474609375 0.3369140625