2 0.3125 0.6005859375 0.3291015625 0.591796875 0.3388671875 0.576171875 0.40234375 0.5205078125 0.396484375 0.4814453125 0.3896484375 0.47265625 0.3291015625 0.4609375 0.283203125 0.4990234375 0.283203125 0.5810546875 0.2978515625 0.599609375
2 0.28125 0.5146484375 0.283203125 0.4970703125 0.3173828125 0.46484375 0.3349609375 0.458984375 0.3662109375 0.466796875 0.373046875 0.4560546875 0.369140625 0.4326171875 0.3642578125 0.427734375 0.3173828125 0.42578125 0.2978515625 0.4375 0.267578125 0.4873046875 0.267578125 0.5087890625 0.2724609375 0.515625
2 0.490234375 0.2646484375 0.50390625 0.2529296875 0.50390625 0.2294921875 0.4912109375 0.212890625 0.4755859375 0.216796875 0.466796875 0.2333984375 0.470703125 0.2607421875
2 0.447265625 0.2666015625 0.462890625 0.2568359375 0.462890625 0.2373046875 0.4521484375 0.228515625 0.4375 0.2333984375 0.431640625 0.2509765625 0.431640625 0.2646484375
6 0.662109375 0.2607421875 0.666015625 0.2548828125 0.654296875 0.1884765625 0.6435546875 0.17578125 0.6279296875 0.173828125 0.62109375 0.1787109375 0.623046875 0.2412109375 0.6337890625 0.26171875
6 0.140625 0.6513671875 0.146484375 0.6357421875 0.1826171875 0.609375 0.2197265625 0.60546875 0.234375 0.5712890625 0.2265625 0.5205078125 0.1748046875 0.48046875 0.1201171875 0.5078125 0.10546875 0.5224609375 0.115234375 0.6376953125 0.1240234375 0.6484375
6 0.4140625 0.4091796875 0.4580078125 0.408203125 0.494140625 0.3583984375 0.490234375 0.3056640625 0.4736328125 0.283203125 0.4404296875 0.2890625 0.40234375 0.3310546875 0.404296875 0.4052734375
6 0.619140625 0.1533203125 0.625 0.1416015625 0.619140625 0.1181640625 0.6142578125 0.111328125 0.6005859375 0.111328125 0.6015625 0.1494140625
2 0.59375 0.1416015625 0.591796875 0.1220703125 0.5810546875 0.119140625 0.578125 0.1396484375
12 0.822265625 0.1845703125 0.841796875 0.1689453125 0.841796875 0.1630859375 0.8173828125 0.1484375 0.79296875 0.1669921875 0.8154296875 0.185546875
9 0.755859375 0.5908203125 0.759765625 0.5087890625 0.7578125 0.4873046875 0.7529296875 0.486328125 0.744140625 0.5283203125 0.744140625 0.5888671875
9 0.7734375 0.6123046875 0.7744140625 0.498046875 0.759765625 0.5302734375 0.763671875 0.6025390625
3 0.98828125 0.5966796875 0.990234375 0.5732421875 0.98046875 0.5517578125 0.9765625 0.4931640625 0.9716796875 0.4921875 0.958984375 0.5302734375 0.94921875 0.5380859375 0.94921875 0.5634765625
9 0.56640625 0.4326171875 0.5625 0.3701171875 0.5537109375 0.357421875 0.55078125 0.4248046875 0.5595703125 0.43359375
9 0.830078125 0.4130859375 0.8359375 0.3720703125 0.8310546875 0.33203125 0.826171875 0.3349609375 0.82421875 0.3603515625 0.82421875 0.4111328125
9 0.85546875 0.3759765625 0.861328125 0.3447265625 0.8564453125 0.3046875 0.849609375 0.3193359375 0.849609375 0.3740234375
9 0.849609375 0.3720703125 0.8515625 0.3173828125 0.8427734375 0.306640625 0.83984375 0.3681640625
9 0.58984375 0.3017578125 0.587890625 0.2626953125 0.5791015625 0.251953125 0.578125 0.2978515625
9 0.611328125 0.2880859375 0.611328125 0.2548828125 0.6044921875 0.2421875 0.59765625 0.2646484375 0.6015625 0.2861328125
9 0.958984375 0.4619140625 0.96484375 0.4189453125 0.9599609375 0.388671875 0.953125 0.3974609375 0.951171875 0.4365234375 0.9453125 0.4462890625
9 0.9765625 0.4521484375 0.9794921875 0.380859375 0.970703125 0.3994140625 0.96875 0.4365234375 0.970703125 0.4501953125