2 0.13671875 0.6572265625 0.1474609375 0.654296875 0.158203125 0.6416015625 0.154296875 0.6181640625 0.16015625 0.6005859375 0.1865234375 0.576171875 0.18359375 0.6005859375 0.1884765625 0.6015625 0.208984375 0.5693359375 0.201171875 0.5673828125 0.205078125 0.5576171875 0.197265625 0.5068359375 0.1865234375 0.498046875 0.1396484375 0.486328125 0.1220703125 0.490234375 0.1015625 0.5126953125 0.08203125 0.5693359375 0.083984375 0.6123046875 0.09375 0.6279296875 0.08984375 0.6357421875 0.1064453125 0.6484375 0.1181640625 0.650390625 0.1201171875 0.64453125 0.1220703125 0.654296875
6 0.841796875 0.9990234375 0.849609375 0.9931640625 0.853515625 0.9775390625 0.873046875 0.8466796875 0.87890625 0.7548828125 0.890625 0.7197265625 0.8828125 0.6650390625 0.8349609375 0.634765625 0.8076171875 0.6328125 0.7529296875 0.611328125 0.767578125 0.6005859375 0.7626953125 0.59375 0.7548828125 0.59375 0.7470703125 0.603515625 0.7392578125 0.587890625 0.7294921875 0.599609375 0.7197265625 0.599609375 0.6474609375 0.580078125 0.6083984375 0.595703125 0.580078125 0.6279296875 0.5625 0.6591796875 0.53125 0.6845703125 0.5234375 0.7021484375 0.505859375 0.7177734375 0.486328125 0.7802734375 0.482421875 0.8193359375 0.486328125 0.8349609375 0.49609375 0.8447265625 0.49609375 0.8662109375 0.484375 0.8740234375 0.4990234375 0.87890625 0.5009765625 0.861328125 0.5126953125 0.861328125 0.5205078125 0.873046875 0.5234375 0.8525390625 0.5185546875 0.84765625 0.53125 0.8505859375 0.5283203125 0.86328125 0.5439453125 0.86328125 0.5478515625 0.8515625 0.5771484375 0.853515625 0.591796875 0.8642578125 0.5966796875 0.8984375 0.6865234375 0.931640625 0.7060546875 0.951171875 0.7392578125 0.966796875 0.7548828125 0.994140625 0.7705078125 0.998046875 0.7880859375 0.98828125
8 0.560546875 0.9892578125 0.5751953125 0.984375 0.580078125 0.9755859375 0.580078125 0.9287109375 0.591796875 0.8955078125 0.591796875 0.8662109375 0.5751953125 0.85546875 0.55078125 0.8544921875 0.54296875 0.8017578125 0.5283203125 0.796875 0.515625 0.8076171875 0.4921875 0.8603515625 0.46875 0.8857421875 0.466796875 0.9208984375 0.47265625 0.9404296875 0.5087890625 0.98046875 0.5263671875 0.990234375
13 0.396484375 0.9990234375 0.396484375 0.9892578125 0.380859375 0.9775390625 0.384765625 0.9482421875 0.396484375 0.9404296875 0.396484375 0.9306640625 0.376953125 0.9150390625 0.3828125 0.8857421875 0.39453125 0.8798828125 0.39453125 0.8662109375 0.37109375 0.8486328125 0.3701171875 0.828125 0.34765625 0.8251953125 0.34375 0.8017578125 0.3310546875 0.791015625 0.3232421875 0.80859375 0.302734375 0.8076171875 0.30859375 0.9287109375 0.3359375 0.9599609375 0.3408203125 1
13 0.48046875 0.3408203125 0.486328125 0.3349609375 0.48828125 0.2958984375 0.4755859375 0.28515625 0.47265625 0.3212890625 0.474609375 0.3388671875
13 0.39453125 0.3974609375 0.404296875 0.3876953125 0.40625 0.3349609375 0.3857421875 0.32421875 0.376953125 0.3330078125 0.376953125 0.3681640625 0.38671875 0.3759765625 0.38671875 0.3974609375
13 0.640625 0.3544921875 0.650390625 0.3330078125 0.650390625 0.3134765625 0.6376953125 0.3046875 0.626953125 0.3115234375 0.626953125 0.3310546875 0.634765625 0.3408203125 0.634765625 0.3525390625
3 0.767578125 0.5498046875 0.7734375 0.5283203125 0.76171875 0.5068359375 0.763671875 0.4755859375 0.7587890625 0.4609375 0.734375 0.4873046875 0.72265625 0.5205078125 0.7294921875 0.53515625 0.7470703125 0.537109375 0.7587890625 0.55078125
6 0.541015625 0.2958984375 0.5546875 0.2880859375 0.546875 0.2783203125 0.544921875 0.2353515625 0.5380859375 0.2265625 0.5166015625 0.224609375 0.5078125 0.2333984375 0.50390625 0.2568359375 0.5078125 0.2861328125
2 0.578125 0.5458984375 0.583984375 0.4580078125 0.5576171875 0.458984375 0.55078125 0.4658203125 0.544921875 0.5009765625 0.548828125 0.5322265625 0.5556640625 0.541015625
2 0.625 0.5869140625 0.6435546875 0.578125 0.6884765625 0.5859375 0.6953125 0.5634765625 0.693359375 0.5283203125 0.689453125 0.5107421875 0.6630859375 0.478515625 0.6240234375 0.451171875 0.5986328125 0.451171875 0.59375 0.5673828125 0.6064453125 0.583984375
6 0.892578125 0.7275390625 0.90234375 0.6533203125 0.90234375 0.5888671875 0.8076171875 0.53125 0.7802734375 0.5390625 0.72265625 0.5966796875 0.8623046875 0.6484375 0.88671875 0.6728515625