6 0.248046875 0.9990234375 0.2646484375 0.970703125 0.2880859375 0.9609375 0.3115234375 0.94140625 0.3427734375 0.92578125 0.3974609375 0.91015625 0.40625 0.8994140625 0.408203125 0.8681640625 0.4453125 0.8544921875 0.451171875 0.8310546875 0.458984375 0.8232421875 0.455078125 0.8154296875 0.4677734375 0.8125 0.4716796875 0.798828125 0.4755859375 0.8046875 0.490234375 0.8056640625 0.4921875 0.8193359375 0.498046875 0.8212890625 0.498046875 0.8271484375 0.4921875 0.8271484375 0.5009765625 0.837890625 0.515625 0.8232421875 0.505859375 0.7509765625 0.484375 0.7373046875 0.49609375 0.7333984375 0.490234375 0.7138671875 0.4521484375 0.671875 0.4375 0.6650390625 0.4296875 0.6435546875 0.3876953125 0.59375 0.3720703125 0.59375 0.3505859375 0.58203125 0.3154296875 0.587890625 0.1982421875 0.6328125 0.1376953125 0.6484375 0.109375 0.6708984375 0.109375 0.7353515625 0.1171875 0.7490234375 0.146484375 0.9951171875 0.1494140625 1
6 0.109375 0.7412109375 0.107421875 0.6982421875 0.111328125 0.6748046875 0.1201171875 0.6640625 0.1416015625 0.6484375 0.2734375 0.6005859375 0.2734375 0.5947265625 0.2587890625 0.5859375 0.2177734375 0.5390625 0.1884765625 0.533203125 0.095703125 0.5888671875 0.095703125 0.6552734375
2 0.427734375 0.5458984375 0.4423828125 0.54296875 0.451171875 0.5302734375 0.451171875 0.4755859375 0.4423828125 0.458984375 0.4140625 0.4619140625 0.419921875 0.5458984375
2 0.376953125 0.5888671875 0.3916015625 0.583984375 0.40625 0.5673828125 0.3994140625 0.451171875 0.3720703125 0.453125 0.3369140625 0.478515625 0.3125 0.5087890625 0.3046875 0.5341796875 0.3095703125 0.5859375 0.3544921875 0.580078125
3 0.51953125 0.5107421875 0.5361328125 0.490234375 0.5458984375 0.5078125 0.5556640625 0.5078125 0.5625 0.4892578125 0.552734375 0.4521484375 0.533203125 0.4365234375 0.5263671875 0.412109375 0.51953125 0.4248046875 0.51953125 0.4619140625 0.505859375 0.4775390625 0.5078125 0.5029296875
8 0.474609375 0.9951171875 0.4931640625 0.984375 0.5234375 0.9501953125 0.53125 0.9287109375 0.529296875 0.8896484375 0.4951171875 0.84375 0.4619140625 0.8359375 0.451171875 0.8447265625 0.4462890625 0.86328125 0.4267578125 0.859375 0.41015625 0.8681640625 0.408203125 0.8916015625 0.41796875 0.9306640625 0.419921875 0.9833984375
13 0.662109375 0.9990234375 0.666015625 0.9599609375 0.6826171875 0.94921875 0.69140625 0.9345703125 0.697265625 0.8662109375 0.697265625 0.8095703125 0.6767578125 0.8125 0.6689453125 0.798828125 0.658203125 0.8017578125 0.6474609375 0.83203125 0.62890625 0.8330078125 0.62890625 0.8544921875 0.603515625 0.8720703125 0.603515625 0.8818359375 0.615234375 0.8876953125 0.623046875 0.9189453125 0.603515625 0.9345703125 0.603515625 0.9462890625 0.615234375 0.9541015625 0.619140625 0.9775390625 0.603515625 0.9990234375
13 0.36328125 0.3544921875 0.36328125 0.3427734375 0.373046875 0.3271484375 0.37109375 0.3095703125 0.3564453125 0.3046875 0.34765625 0.3134765625 0.349609375 0.3330078125 0.35546875 0.3525390625
13 0.5234375 0.3408203125 0.52734375 0.2900390625 0.5205078125 0.28515625 0.51171875 0.2939453125 0.51171875 0.3154296875 0.513671875 0.3349609375
13 0.61328125 0.3974609375 0.61328125 0.3759765625 0.623046875 0.3681640625 0.623046875 0.3310546875 0.6064453125 0.32421875 0.59375 0.3369140625 0.599609375 0.3681640625 0.595703125 0.3876953125 0.6025390625 0.396484375
2 0.443359375 0.3017578125 0.4609375 0.2919921875 0.4501953125 0.26171875 0.4365234375 0.263671875 0.423828125 0.2783203125 0.423828125 0.2978515625
6 0.474609375 0.2880859375 0.4892578125 0.287109375 0.494140625 0.2763671875 0.4921875 0.2314453125 0.4814453125 0.22265625 0.455078125 0.2294921875 0.453125 0.2626953125 0.4609375 0.2841796875