9 0.59765625 0.7099609375 0.603515625 0.7021484375 0.5869140625 0.681640625 0.5859375 0.6962890625
9 0.576171875 0.7333984375 0.5859375 0.6982421875 0.58203125 0.6416015625 0.5732421875 0.62890625 0.564453125 0.6630859375 0.564453125 0.7314453125
9 0.115234375 0.8603515625 0.1171875 0.7587890625 0.1025390625 0.740234375 0.095703125 0.7548828125 0.095703125 0.8037109375 0.10546875 0.8583984375
9 0.134765625 0.8388671875 0.140625 0.7548828125 0.12890625 0.7294921875 0.12890625 0.7158203125 0.1240234375 0.71484375 0.11328125 0.7509765625 0.123046875 0.8310546875
9 0.16796875 0.8642578125 0.169921875 0.7705078125 0.158203125 0.7392578125 0.1513671875 0.73828125 0.142578125 0.7802734375 0.154296875 0.8544921875
9 0.0546875 0.7451171875 0.056640625 0.6767578125 0.0478515625 0.654296875 0.0390625 0.6689453125 0.0390625 0.6962890625 0.048828125 0.7431640625
9 0.07421875 0.7431640625 0.083984375 0.7119140625 0.080078125 0.6748046875 0.0673828125 0.650390625 0.060546875 0.6982421875 0.068359375 0.7412109375
9 0.09375 0.7451171875 0.103515625 0.6962890625 0.0849609375 0.658203125 0.080078125 0.6962890625
9 0.05078125 0.6552734375 0.05078125 0.5986328125 0.0400390625 0.5859375 0.03515625 0.6220703125 0.041015625 0.6513671875
9 0.013671875 0.5537109375 0.0234375 0.5224609375 0.0166015625 0.49609375 0.00390625 0.5107421875 0.005859375 0.5517578125
9 0.029296875 0.5537109375 0.033203125 0.5087890625 0.0283203125 0.49609375 0.0234375 0.5322265625
6 0.150390625 0.6298828125 0.15625 0.6279296875 0.15625 0.5947265625 0.146484375 0.5361328125 0.1298828125 0.51171875 0.1064453125 0.513671875 0.095703125 0.5244140625 0.08984375 0.5458984375 0.1015625 0.6064453125 0.1142578125 0.630859375 0.1279296875 0.619140625 0.1337890625 0.626953125
6 0.833984375 0.7724609375 0.880859375 0.7314453125 0.888671875 0.6806640625 0.876953125 0.6259765625 0.8427734375 0.609375 0.8017578125 0.619140625 0.783203125 0.6318359375 0.76171875 0.7431640625 0.7783203125 0.763671875 0.8115234375 0.7734375
6 0.71875 0.6337890625 0.7578125 0.5830078125 0.7578125 0.5615234375 0.7490234375 0.548828125 0.7138671875 0.5546875 0.6875 0.5947265625 0.697265625 0.6279296875
6 0.806640625 0.5966796875 0.810546875 0.5771484375 0.798828125 0.5478515625 0.7822265625 0.5390625 0.7587890625 0.541015625 0.759765625 0.5771484375 0.7802734375 0.578125 0.7919921875 0.595703125
6 0.84765625 0.5810546875 0.861328125 0.5732421875 0.865234375 0.5595703125 0.865234375 0.5244140625 0.8525390625 0.515625 0.830078125 0.5244140625 0.81640625 0.5576171875 0.8212890625 0.578125
6 0.861328125 0.4755859375 0.880859375 0.4716796875 0.869140625 0.4404296875 0.8349609375 0.4296875 0.83203125 0.4599609375 0.8408203125 0.470703125
2 0.3046875 0.6884765625 0.3369140625 0.68359375 0.34765625 0.6708984375 0.34765625 0.6455078125 0.33984375 0.6220703125 0.3154296875 0.59765625 0.2919921875 0.599609375 0.265625 0.6181640625 0.265625 0.6513671875 0.2890625 0.6669921875 0.2958984375 0.6875
2 0.384765625 0.6708984375 0.3974609375 0.66015625 0.4248046875 0.658203125 0.4345703125 0.650390625 0.44140625 0.6240234375 0.41796875 0.5791015625 0.3935546875 0.564453125 0.3642578125 0.56640625 0.322265625 0.5986328125 0.337890625 0.6162109375 0.341796875 0.6318359375 0.3681640625 0.6484375 0.375 0.6650390625
2 0.32421875 0.5947265625 0.357421875 0.5654296875 0.33984375 0.5419921875 0.3359375 0.5205078125 0.3232421875 0.51171875 0.3037109375 0.51171875 0.27734375 0.5498046875 0.275390625 0.5830078125 0.2802734375 0.58984375 0.3037109375 0.595703125
2 0.2734375 0.5673828125 0.291015625 0.5263671875 0.2802734375 0.515625 0.2607421875 0.51171875 0.244140625 0.5283203125 0.244140625 0.5517578125 0.2568359375 0.556640625 0.2626953125 0.568359375
2 0.240234375 0.5400390625 0.26171875 0.5068359375 0.2490234375 0.482421875 0.2294921875 0.482421875 0.21484375 0.4990234375 0.2109375 0.5185546875 0.2314453125 0.541015625
2 0.2109375 0.5146484375 0.228515625 0.4814453125 0.2197265625 0.466796875 0.2021484375 0.466796875 0.19140625 0.4853515625 0.19140625 0.5048828125 0.2041015625 0.515625
2 0.189453125 0.4931640625 0.201171875 0.4560546875 0.1923828125 0.447265625 0.1806640625 0.447265625 0.169921875 0.4580078125 0.166015625 0.4833984375 0.1767578125 0.494140625
2 0.16015625 0.5009765625 0.1640625 0.4853515625 0.158203125 0.4658203125 0.1513671875 0.4609375 0.1337890625 0.462890625 0.12890625 0.4912109375 0.1376953125 0.501953125
2 0.087890625 0.5458984375 0.103515625 0.5146484375 0.0947265625 0.4921875 0.0771484375 0.494140625 0.072265625 0.5048828125 0.07421875 0.5380859375 0.0791015625 0.546875
2 0.072265625 0.5087890625 0.07421875 0.4970703125 0.08984375 0.4912109375 0.0830078125 0.470703125 0.068359375 0.4755859375 0.06640625 0.5029296875
2 0.05859375 0.4736328125 0.0625 0.4560546875 0.07421875 0.4501953125 0.0693359375 0.43359375 0.0556640625 0.43359375 0.048828125 0.4462890625 0.048828125 0.4619140625
2 0.06640625 0.4873046875 0.068359375 0.4775390625 0.08203125 0.4697265625 0.0771484375 0.451171875 0.0654296875 0.453125 0.05859375 0.4658203125 0.060546875 0.4873046875
2 0.15234375 0.4521484375 0.1787109375 0.4453125 0.185546875 0.4248046875 0.1455078125 0.408203125 0.125 0.4267578125 0.1396484375 0.451171875
2 0.125 0.4208984375 0.140625 0.4091796875 0.140625 0.4013671875 0.1279296875 0.392578125 0.10546875 0.4072265625 0.1103515625 0.421875
2 0.640625 0.6728515625 0.6513671875 0.66015625 0.6708984375 0.65234375 0.6865234375 0.654296875 0.69140625 0.6474609375 0.69140625 0.6083984375 0.6611328125 0.58984375 0.6298828125 0.595703125 0.599609375 0.6357421875 0.6025390625 0.6640625
2 0.78125 0.9619140625 0.7958984375 0.94921875 0.8310546875 0.94921875 0.841796875 0.9345703125 0.845703125 0.8876953125 0.81640625 0.8447265625 0.8056640625 0.833984375 0.7685546875 0.8203125 0.7138671875 0.83203125 0.7001953125 0.82421875 0.6806640625 0.83203125 0.671875 0.8544921875 0.671875 0.8740234375 0.6982421875 0.875 0.7373046875 0.900390625 0.7578125 0.9208984375 0.7578125 0.9365234375 0.76953125 0.9580078125
2 0.59765625 0.9638671875 0.6044921875 0.962890625 0.619140625 0.9423828125 0.6318359375 0.8828125 0.6064453125 0.890625 0.5859375 0.9111328125 0.583984375 0.9541015625 0.5888671875 0.962890625
2 0.703125 0.9658203125 0.7373046875 0.947265625 0.75390625 0.9306640625 0.755859375 0.9208984375 0.7177734375 0.88671875 0.6884765625 0.875 0.650390625 0.8935546875 0.63671875 0.9462890625 0.6708984375 0.955078125 0.6748046875 0.96484375
2 0.994140625 0.6025390625 1 0.6005859375 0.9990234375 0.5546875 0.9833984375 0.55859375 0.974609375 0.5771484375 0.982421875 0.5986328125
2 0.90625 0.5498046875 0.916015625 0.5439453125 0.919921875 0.5302734375 0.9140625 0.5107421875 0.8974609375 0.50390625 0.88671875 0.5205078125 0.8896484375 0.525390625 0.896484375 0.5205078125 0.8984375 0.5458984375
2 0.97265625 0.6259765625 0.9853515625 0.603515625 1 0.6005859375 0.9990234375 0.556640625 0.9833984375 0.560546875 0.9775390625 0.57421875 0.9560546875 0.57421875 0.94921875 0.5830078125 0.951171875 0.5986328125 0.962890625 0.6201171875
11 0.43359375 0.5263671875 0.439453125 0.5224609375 0.44140625 0.4990234375 0.4306640625 0.490234375 0.423828125 0.5224609375