2 0.5390625 0.6376953125 0.5703125 0.6123046875 0.578125 0.5947265625 0.576171875 0.4951171875 0.5654296875 0.486328125 0.5361328125 0.48046875 0.4736328125 0.474609375 0.4521484375 0.478515625 0.44140625 0.4951171875 0.39453125 0.5361328125 0.38671875 0.5673828125 0.390625 0.5966796875 0.4091796875 0.61328125 0.4248046875 0.607421875 0.5107421875 0.6171875 0.5205078125 0.6328125
9 0.30859375 0.6396484375 0.302734375 0.5556640625 0.2880859375 0.52734375 0.28515625 0.6337890625 0.2958984375 0.60546875 0.302734375 0.6220703125 0.30078125 0.6376953125
9 0.283203125 0.6220703125 0.28125 0.5947265625 0.2666015625 0.57421875 0.26171875 0.5791015625 0.259765625 0.6201171875
9 0.25 0.7099609375 0.2529296875 0.689453125 0.2646484375 0.69921875 0.26953125 0.6962890625 0.2578125 0.6748046875 0.2578125 0.6220703125 0.251953125 0.6064453125 0.2431640625 0.6015625 0.23828125 0.6201171875 0.240234375 0.6943359375 0.2421875 0.7099609375
9 0.0625 0.6494140625 0.068359375 0.6435546875 0.068359375 0.6181640625 0.04296875 0.5537109375 0.0341796875 0.55078125 0.03515625 0.6494140625
9 0.08984375 0.6103515625 0.091796875 0.5908203125 0.08203125 0.5341796875 0.0693359375 0.51953125 0.06640625 0.5751953125 0.07421875 0.5986328125
9 0.11328125 0.6220703125 0.107421875 0.5517578125 0.099609375 0.5302734375 0.0908203125 0.525390625 0.087890625 0.5654296875 0.09765625 0.5791015625 0.09375 0.6103515625 0.1025390625 0.609375 0.10546875 0.6220703125
9 0.630859375 0.7080078125 0.642578125 0.7001953125 0.642578125 0.6123046875 0.634765625 0.5888671875 0.6279296875 0.5859375 0.62109375 0.6748046875 0.625 0.7060546875
9 0.693359375 0.8349609375 0.69921875 0.8193359375 0.685546875 0.7900390625 0.689453125 0.7216796875 0.6748046875 0.69921875 0.66796875 0.7099609375 0.671875 0.7294921875 0.666015625 0.8173828125 0.66015625 0.8271484375 0.673828125 0.8271484375 0.6787109375 0.806640625
9 0.8671875 0.8369140625 0.876953125 0.7470703125 0.8720703125 0.689453125 0.8662109375 0.689453125 0.861328125 0.7001953125 0.86328125 0.7197265625 0.849609375 0.7841796875 0.853515625 0.8349609375
9 0.822265625 0.7880859375 0.826171875 0.7763671875 0.814453125 0.7451171875 0.822265625 0.7138671875 0.822265625 0.6708984375 0.81640625 0.6494140625 0.8076171875 0.64453125 0.802734375 0.6533203125 0.80859375 0.6708984375 0.80078125 0.6943359375 0.796875 0.7568359375 0.7890625 0.7744140625 0.802734375 0.7763671875 0.8056640625 0.751953125 0.81640625 0.7744140625 0.814453125 0.7880859375
9 0.185546875 0.4599609375 0.185546875 0.4052734375 0.181640625 0.3896484375 0.1748046875 0.38671875 0.166015625 0.4130859375 0.17578125 0.4326171875 0.17578125 0.4599609375
9 0.228515625 0.4462890625 0.224609375 0.4033203125 0.216796875 0.3837890625 0.2041015625 0.373046875 0.197265625 0.4013671875 0.203125 0.4384765625 0.2119140625 0.4453125
9 0.474609375 0.4560546875 0.482421875 0.4365234375 0.4755859375 0.400390625 0.470703125 0.4033203125 0.46484375 0.4462890625 0.466796875 0.4541015625
10 0.5 0.4794921875 0.5078125 0.4697265625 0.505859375 0.4267578125 0.5009765625 0.419921875 0.4921875 0.4365234375 0.494140625 0.4775390625
2 0.123046875 0.4033203125 0.1328125 0.3935546875 0.130859375 0.3837890625 0.1083984375 0.376953125 0.109375 0.4013671875
2 0.068359375 0.4169921875 0.099609375 0.4052734375 0.099609375 0.3759765625 0.0927734375 0.36328125 0.0498046875 0.3671875 0.029296875 0.3896484375 0.025390625 0.4072265625 0.0302734375 0.4140625