2 0.177734375 0.6025390625 0.1875 0.5615234375 0.1875 0.5283203125 0.1748046875 0.509765625 0.1591796875 0.509765625 0.142578125 0.5283203125 0.138671875 0.5927734375 0.1435546875 0.603515625 0.1650390625 0.59375 0.1728515625 0.59375
2 0.119140625 0.5126953125 0.13671875 0.5048828125 0.150390625 0.4697265625 0.150390625 0.4462890625 0.1376953125 0.4296875 0.1201171875 0.43359375 0.107421875 0.4599609375 0.107421875 0.5068359375 0.1103515625 0.513671875
2 0.193359375 0.4365234375 0.20703125 0.4208984375 0.20703125 0.3837890625 0.1982421875 0.376953125 0.181640625 0.3837890625 0.177734375 0.4052734375 0.1796875 0.4365234375
2 0.1484375 0.3779296875 0.1572265625 0.375 0.16796875 0.3583984375 0.1611328125 0.337890625 0.1474609375 0.337890625 0.138671875 0.3525390625 0.140625 0.3779296875
2 0.17578125 0.3349609375 0.189453125 0.3271484375 0.189453125 0.3017578125 0.1845703125 0.296875 0.169921875 0.3056640625 0.169921875 0.3330078125
2 0.20703125 0.3388671875 0.220703125 0.3330078125 0.220703125 0.3076171875 0.2138671875 0.30078125 0.201171875 0.3095703125 0.201171875 0.3369140625
2 0.30078125 0.4072265625 0.318359375 0.4013671875 0.3095703125 0.357421875 0.291015625 0.3623046875 0.287109375 0.3935546875 0.291015625 0.4052734375
2 0.294921875 0.3466796875 0.30859375 0.3447265625 0.3017578125 0.322265625 0.2919921875 0.32421875 0.287109375 0.3330078125 0.28515625 0.3447265625
2 0.3515625 0.3662109375 0.3515625 0.3291015625 0.3447265625 0.318359375 0.3330078125 0.318359375 0.322265625 0.3330078125 0.328125 0.3642578125
2 0.322265625 0.3349609375 0.337890625 0.3173828125 0.3359375 0.2958984375 0.3271484375 0.28515625 0.31640625 0.2919921875 0.31640625 0.3291015625
2 0.369140625 0.3505859375 0.39453125 0.3486328125 0.3857421875 0.3203125 0.3671875 0.3212890625 0.36328125 0.3505859375
2 0.369140625 0.3505859375 0.39453125 0.3486328125 0.3857421875 0.3203125 0.3671875 0.3212890625 0.36328125 0.3505859375
2 0.38671875 0.3974609375 0.3984375 0.3935546875 0.39453125 0.3525390625 0.3720703125 0.34765625 0.365234375 0.3603515625 0.369140625 0.3916015625 0.3759765625 0.3984375
6 0.44921875 0.3876953125 0.443359375 0.3310546875 0.4267578125 0.31640625 0.4150390625 0.318359375 0.41015625 0.3232421875 0.41015625 0.3642578125 0.4248046875 0.38671875
6 0.556640625 0.3798828125 0.5625 0.3720703125 0.560546875 0.3466796875 0.537109375 0.3310546875 0.533203125 0.3154296875 0.5224609375 0.3046875 0.4892578125 0.302734375 0.484375 0.3623046875 0.5283203125 0.373046875 0.5341796875 0.380859375
6 0.765625 0.4794921875 0.80859375 0.4658203125 0.810546875 0.4111328125 0.7998046875 0.40234375 0.7705078125 0.408203125 0.748046875 0.4404296875 0.74609375 0.4716796875
2 0.716796875 0.4111328125 0.71875 0.3837890625 0.7138671875 0.37890625 0.6826171875 0.359375 0.65234375 0.3603515625 0.650390625 0.3896484375 0.6572265625 0.404296875 0.6669921875 0.41015625 0.6884765625 0.40625
2 0.857421875 0.4873046875 0.8759765625 0.4765625 0.8828125 0.4619140625 0.87890625 0.4404296875 0.8603515625 0.427734375 0.84375 0.4365234375 0.828125 0.4619140625 0.8330078125 0.482421875
2 0.9140625 0.5244140625 0.92578125 0.4873046875 0.92578125 0.4638671875 0.9091796875 0.455078125 0.89453125 0.4794921875 0.890625 0.5166015625 0.8955078125 0.5234375
2 0.935546875 0.4794921875 0.9453125 0.4736328125 0.94921875 0.4619140625 0.94921875 0.4462890625 0.94140625 0.4365234375 0.947265625 0.4326171875 0.9384765625 0.427734375 0.9287109375 0.4296875 0.9140625 0.4501953125 0.92578125 0.4638671875 0.92578125 0.4755859375
2 0.90234375 0.4599609375 0.921875 0.4228515625 0.9072265625 0.41015625 0.8935546875 0.408203125 0.8828125 0.4208984375 0.87890625 0.4423828125 0.8896484375 0.4609375
2 0.224609375 0.2919921875 0.232421875 0.2822265625 0.228515625 0.2685546875 0.2197265625 0.265625 0.212890625 0.2880859375
2 0.1953125 0.2900390625 0.19921875 0.2724609375 0.1923828125 0.267578125 0.185546875 0.2744140625 0.185546875 0.2900390625
2 0.18359375 0.2626953125 0.1875 0.2490234375 0.1806640625 0.244140625 0.177734375 0.2626953125
2 0.287109375 0.3330078125 0.2919921875 0.32421875 0.302734375 0.3212890625 0.2958984375 0.29296875 0.279296875 0.2978515625
2 0.302734375 0.2646484375 0.3046875 0.2431640625 0.2939453125 0.234375 0.2890625 0.2373046875 0.2890625 0.2607421875
8 0.7578125 0.7705078125 0.7578125 0.7587890625 0.748046875 0.7470703125 0.74609375 0.6787109375 0.732421875 0.6591796875 0.734375 0.6416015625 0.7294921875 0.638671875 0.708984375 0.6708984375 0.708984375 0.7216796875 0.73828125 0.7666015625
3 0.7578125 0.5634765625 0.748046875 0.5244140625 0.751953125 0.5126953125 0.7412109375 0.484375 0.7265625 0.5205078125 0.7265625 0.5361328125 0.7470703125 0.5625
3 0.447265625 0.4443359375 0.44140625 0.4208984375 0.443359375 0.3935546875 0.4384765625 0.388671875 0.435546875 0.4384765625
8 0.490234375 0.4013671875 0.484375 0.3583984375 0.4775390625 0.3515625 0.470703125 0.3720703125 0.47265625 0.3916015625 0.4775390625 0.400390625
8 0.935546875 0.5908203125 0.94140625 0.5810546875 0.94140625 0.5087890625 0.9228515625 0.501953125 0.9140625 0.5302734375 0.9140625 0.5654296875 0.91796875 0.5849609375
9 0.962890625 0.5751953125 0.974609375 0.5380859375 0.9697265625 0.515625 0.958984375 0.5458984375
2 0.978515625 0.4384765625 0.98828125 0.4287109375 0.9921875 0.4091796875 0.9873046875 0.39453125 0.9697265625 0.390625 0.9609375 0.4150390625 0.96875 0.4345703125
9 0.609375 0.4033203125 0.611328125 0.3720703125 0.6064453125 0.361328125 0.599609375 0.3896484375 0.6015625 0.4033203125
9 0.62890625 0.4091796875 0.62890625 0.3701171875 0.6240234375 0.365234375 0.619140625 0.4072265625
13 0.337890625 0.2685546875 0.3369140625 0.228515625 0.330078125 0.2353515625 0.330078125 0.2548828125 0.33203125 0.2685546875