2 0.453125 0.5537109375 0.46484375 0.5302734375 0.482421875 0.5166015625 0.486328125 0.4970703125 0.482421875 0.4482421875 0.4775390625 0.4375 0.4658203125 0.43359375 0.4541015625 0.435546875 0.43359375 0.4560546875 0.412109375 0.5126953125 0.412109375 0.5458984375
2 0.62109375 0.5244140625 0.6328125 0.4912109375 0.6328125 0.4462890625 0.6064453125 0.4375 0.587890625 0.4677734375 0.58203125 0.5205078125
2 0.74609375 0.6728515625 0.7626953125 0.669921875 0.767578125 0.6630859375 0.76953125 0.6201171875 0.76171875 0.5947265625 0.763671875 0.5810546875 0.7421875 0.5419921875 0.7177734375 0.533203125 0.7001953125 0.5390625 0.6953125 0.5478515625 0.693359375 0.6005859375 0.716796875 0.6591796875 0.7275390625 0.671875
2 0.689453125 0.4677734375 0.6953125 0.4619140625 0.69921875 0.4169921875 0.693359375 0.3955078125 0.6787109375 0.388671875 0.662109375 0.4111328125 0.66015625 0.4619140625 0.6728515625 0.46875
2 0.578125 0.4658203125 0.59375 0.4404296875 0.59375 0.4091796875 0.5869140625 0.3984375 0.5654296875 0.39453125 0.54296875 0.4326171875 0.54296875 0.4638671875
2 0.611328125 0.4072265625 0.623046875 0.3896484375 0.625 0.3642578125 0.6162109375 0.349609375 0.6005859375 0.349609375 0.587890625 0.3740234375 0.5859375 0.3955078125 0.5966796875 0.40625
2 0.6640625 0.3798828125 0.669921875 0.3681640625 0.66796875 0.3349609375 0.6533203125 0.328125 0.64453125 0.3408203125 0.640625 0.3740234375 0.6474609375 0.380859375
2 0.701171875 0.4091796875 0.70703125 0.3662109375 0.6982421875 0.3515625 0.6884765625 0.3515625 0.6796875 0.3662109375 0.677734375 0.3876953125 0.6884765625 0.390625
2 0.63671875 0.3427734375 0.64453125 0.3330078125 0.646484375 0.3076171875 0.640625 0.2939453125 0.6318359375 0.291015625 0.6171875 0.3076171875 0.615234375 0.3408203125
2 0.681640625 0.3232421875 0.681640625 0.2900390625 0.6708984375 0.28515625 0.662109375 0.3017578125 0.662109375 0.3232421875
2 0.712890625 0.3466796875 0.716796875 0.3154296875 0.7041015625 0.3046875 0.693359375 0.3212890625 0.693359375 0.3447265625
2 0.09765625 0.5966796875 0.12109375 0.5869140625 0.123046875 0.5556640625 0.103515625 0.5068359375 0.0927734375 0.50390625 0.07421875 0.5185546875 0.07421875 0.5615234375 0.0859375 0.5947265625
2 0.0703125 0.5361328125 0.07421875 0.5166015625 0.091796875 0.5009765625 0.076171875 0.4560546875 0.0615234375 0.451171875 0.05078125 0.4599609375 0.05078125 0.5009765625 0.0625 0.5341796875
2 0.201171875 0.4853515625 0.22265625 0.4794921875 0.22265625 0.4501953125 0.2041015625 0.42578125 0.1806640625 0.421875 0.169921875 0.4345703125 0.16796875 0.4658203125 0.1708984375 0.47265625 0.1904296875 0.4765625
2 0.115234375 0.4736328125 0.123046875 0.4697265625 0.119140625 0.4287109375 0.1083984375 0.4140625 0.0927734375 0.412109375 0.0859375 0.4189453125 0.08984375 0.4677734375 0.0966796875 0.474609375
2 0.23828125 0.4150390625 0.2607421875 0.4140625 0.26953125 0.4072265625 0.2734375 0.3876953125 0.2646484375 0.3671875 0.2431640625 0.3671875 0.21875 0.3935546875 0.220703125 0.4130859375
2 0.447265625 0.9990234375 0.482421875 0.9052734375 0.484375 0.8271484375 0.474609375 0.7822265625 0.4541015625 0.767578125 0.4287109375 0.763671875 0.392578125 0.8173828125 0.365234375 0.8896484375 0.357421875 0.8935546875 0.359375 0.9111328125 0.34375 0.9541015625 0.341796875 0.9853515625 0.3447265625 1
1 0.5546875 0.4052734375 0.583984375 0.3779296875 0.583984375 0.3193359375 0.5751953125 0.3125 0.5634765625 0.3125 0.5478515625 0.32421875 0.53125 0.3544921875 0.529296875 0.3994140625 0.5380859375 0.40625
13 0.34765625 0.3955078125 0.3486328125 0.35546875 0.33984375 0.3603515625 0.33984375 0.3857421875
13 0.474609375 0.4189453125 0.478515625 0.3212890625 0.4697265625 0.31640625 0.46875 0.3876953125
9 0.833984375 0.4638671875 0.8349609375 0.40234375 0.82421875 0.4228515625 0.82421875 0.4619140625
3 0.40625 0.5068359375 0.4140625 0.4873046875 0.404296875 0.4755859375 0.40234375 0.4599609375 0.39453125 0.4599609375 0.392578125 0.4384765625 0.3876953125 0.4375 0.3671875 0.4970703125 0.3740234375 0.5078125
8 0.857421875 0.4892578125 0.86328125 0.4814453125 0.86328125 0.4423828125 0.8564453125 0.41796875 0.845703125 0.4775390625 0.8515625 0.4892578125
9 0.921875 0.5087890625 0.9208984375 0.439453125 0.912109375 0.5009765625