2 0.15625 0.6259765625 0.1748046875 0.62109375 0.1875 0.5947265625 0.189453125 0.5166015625 0.1767578125 0.5 0.1533203125 0.50390625 0.142578125 0.5224609375 0.138671875 0.5673828125 0.14453125 0.6201171875
2 0.1328125 0.8486328125 0.1337890625 0.837890625 0.11328125 0.8427734375 0.1162109375 0.849609375
2 0.091796875 0.5927734375 0.10546875 0.5849609375 0.12109375 0.5380859375 0.1171875 0.5107421875 0.1083984375 0.50390625 0.0830078125 0.5078125 0.07421875 0.5322265625 0.076171875 0.5927734375
2 0.005859375 0.9951171875 0.015625 0.9912109375 0.0234375 0.9755859375 0.048828125 0.8466796875 0.04296875 0.7958984375 0.0263671875 0.77734375 0 0.7841796875 0 0.9951171875
6 0.771484375 0.4775390625 0.80859375 0.4677734375 0.8125 0.4228515625 0.810546875 0.4111328125 0.7978515625 0.400390625 0.7705078125 0.408203125 0.74609375 0.4462890625 0.748046875 0.4736328125
6 0.857421875 0.4873046875 0.880859375 0.4716796875 0.87890625 0.4404296875 0.8603515625 0.427734375 0.83984375 0.4404296875 0.828125 0.4619140625 0.8349609375 0.484375
2 0.138671875 0.9208984375 0.16015625 0.9111328125 0.169921875 0.8759765625 0.177734375 0.7451171875 0.171875 0.7060546875 0.1630859375 0.697265625 0.1416015625 0.697265625 0.1240234375 0.705078125 0.107421875 0.7314453125 0.09765625 0.8134765625 0.107421875 0.9111328125 0.1201171875 0.921875
2 0.4375 0.3896484375 0.451171875 0.3876953125 0.4453125 0.3349609375 0.4326171875 0.318359375 0.4150390625 0.318359375 0.41015625 0.3232421875 0.412109375 0.3681640625 0.4267578125 0.388671875
6 0.4375 0.3896484375 0.451171875 0.3876953125 0.4453125 0.3349609375 0.4326171875 0.318359375 0.4150390625 0.318359375 0.41015625 0.3232421875 0.412109375 0.3681640625 0.4267578125 0.388671875
2 0.3046875 0.4072265625 0.318359375 0.4013671875 0.31640625 0.3701171875 0.3095703125 0.357421875 0.2958984375 0.357421875 0.2890625 0.3662109375 0.2890625 0.4013671875 0.2939453125 0.408203125
2 0.353515625 0.3662109375 0.3515625 0.3291015625 0.3427734375 0.318359375 0.3310546875 0.3203125 0.322265625 0.3330078125 0.328125 0.3642578125
2 0.388671875 0.3974609375 0.3984375 0.3935546875 0.396484375 0.3623046875 0.3896484375 0.349609375 0.3798828125 0.34765625 0.3671875 0.3544921875 0.365234375 0.3798828125 0.3720703125 0.396484375
2 0.390625 0.3974609375 0.3984375 0.3935546875 0.392578125 0.3310546875 0.3837890625 0.3203125 0.3701171875 0.3203125 0.36328125 0.3349609375 0.365234375 0.3779296875 0.3720703125 0.396484375
2 0.19140625 0.3994140625 0.2021484375 0.38671875 0.181640625 0.3916015625 0.1845703125 0.400390625
2 0.162109375 0.3857421875 0.1728515625 0.3828125 0.181640625 0.3662109375 0.181640625 0.3427734375 0.1748046875 0.3359375 0.1650390625 0.3359375 0.15625 0.3447265625 0.154296875 0.3837890625
2 0.189453125 0.4345703125 0.2041015625 0.4296875 0.208984375 0.4189453125 0.208984375 0.3837890625 0.2021484375 0.376953125 0.1865234375 0.37890625 0.181640625 0.3896484375 0.1796875 0.4287109375 0.1826171875 0.435546875
2 0.20703125 0.3427734375 0.21484375 0.3369140625 0.21484375 0.3193359375 0.212890625 0.3095703125 0.2021484375 0.306640625 0.1953125 0.3134765625 0.1953125 0.3427734375
2 0.1796875 0.3232421875 0.185546875 0.3193359375 0.185546875 0.3056640625 0.1806640625 0.294921875 0.1728515625 0.294921875 0.16796875 0.3232421875
1 0.130859375 0.3642578125 0.150390625 0.3388671875 0.150390625 0.3095703125 0.1435546875 0.294921875 0.1337890625 0.296875 0.119140625 0.3134765625 0.123046875 0.3623046875
2 0.1875 0.2958984375 0.197265625 0.2919921875 0.1943359375 0.267578125 0.181640625 0.2724609375 0.181640625 0.2958984375
2 0.21875 0.2900390625 0.228515625 0.2841796875 0.2216796875 0.263671875 0.2109375 0.2763671875 0.2109375 0.2880859375
2 0.32421875 0.3349609375 0.32421875 0.3271484375 0.337890625 0.3173828125 0.3310546875 0.287109375 0.3212890625 0.287109375 0.31640625 0.2939453125 0.314453125 0.3193359375 0.318359375 0.3349609375
2 0.3046875 0.4072265625 0.318359375 0.3994140625 0.3056640625 0.33203125 0.2919921875 0.333984375 0.287109375 0.3408203125 0.2890625 0.4013671875 0.2939453125 0.408203125
9 0.40625 0.4521484375 0.408203125 0.4345703125 0.3994140625 0.392578125 0.392578125 0.4150390625 0.39453125 0.4443359375
3 0.880859375 0.6572265625 0.8828125 0.6279296875 0.873046875 0.6123046875 0.8662109375 0.56640625 0.85546875 0.5791015625 0.853515625 0.5986328125 0.83984375 0.6083984375 0.83984375 0.6259765625 0.8447265625 0.634765625
2 0.9140625 0.5322265625 0.927734375 0.4716796875 0.9189453125 0.45703125 0.9091796875 0.455078125 0.896484375 0.4736328125 0.888671875 0.5146484375 0.8994140625 0.529296875
2 0.939453125 0.4794921875 0.951171875 0.4560546875 0.94921875 0.4404296875 0.95703125 0.4365234375 0.9306640625 0.427734375 0.91796875 0.4404296875 0.9140625 0.4541015625 0.92578125 0.4638671875 0.927734375 0.4755859375
2 0.90234375 0.4599609375 0.9140625 0.4462890625 0.916015625 0.4208984375 0.9091796875 0.412109375 0.8935546875 0.408203125 0.8828125 0.4208984375 0.87890625 0.4404296875 0.8857421875 0.458984375
2 0.765625 0.4130859375 0.7744140625 0.404296875 0.802734375 0.3994140625 0.798828125 0.3876953125 0.7744140625 0.369140625 0.7529296875 0.37109375 0.744140625 0.3876953125 0.75 0.4091796875
2 0.98046875 0.4384765625 0.9921875 0.4111328125 0.9833984375 0.392578125 0.9716796875 0.392578125 0.9609375 0.4150390625 0.970703125 0.4228515625 0.970703125 0.4345703125
8 0.9375 0.5908203125 0.94140625 0.5087890625 0.9228515625 0.501953125 0.9140625 0.5322265625 0.916015625 0.5751953125 0.9228515625 0.58984375
10 0.974609375 0.5361328125 0.978515625 0.5146484375 0.9736328125 0.49609375 0.96484375 0.5341796875
10 0.966796875 0.5927734375 0.974609375 0.5615234375 0.9697265625 0.53515625 0.962890625 0.5380859375 0.958984375 0.5517578125 0.958984375 0.5849609375
10 0.986328125 0.6279296875 0.9765625 0.6162109375 0.986328125 0.5771484375 0.9794921875 0.552734375 0.966796875 0.5888671875 0.970703125 0.6240234375
2 0.287109375 0.3330078125 0.2939453125 0.322265625 0.3046875 0.3193359375 0.30078125 0.3017578125 0.2939453125 0.296875 0.2861328125 0.296875 0.279296875 0.3056640625
2 0.314453125 0.2861328125 0.314453125 0.2568359375 0.3017578125 0.255859375 0.298828125 0.2841796875
13 0.337890625 0.2685546875 0.3369140625 0.228515625 0.330078125 0.2353515625 0.330078125 0.2568359375 0.33203125 0.2685546875
13 0.65234375 0.3974609375 0.66015625 0.3857421875 0.66015625 0.3603515625 0.6552734375 0.35546875 0.650390625 0.3564453125 0.6484375 0.3759765625
6 0.638671875 0.4033203125 0.640625 0.3623046875 0.6220703125 0.328125 0.6123046875 0.326171875 0.5966796875 0.34375 0.5810546875 0.349609375 0.55078125 0.3408203125 0.548828125 0.3681640625 0.5654296875 0.400390625 0.5751953125 0.39453125 0.5810546875 0.400390625
2 0.2265625 0.2646484375 0.23046875 0.2490234375 0.2236328125 0.2421875 0.216796875 0.2470703125 0.216796875 0.2626953125
2 0.197265625 0.2646484375 0.19921875 0.2529296875 0.1904296875 0.25 0.1875 0.2626953125
2 0.181640625 0.2490234375 0.18359375 0.2392578125 0.1767578125 0.234375 0.173828125 0.2490234375
2 0.490234375 0.4013671875 0.4775390625 0.3515625 0.470703125 0.3857421875 0.4794921875 0.40234375
8 0.490234375 0.4013671875 0.482421875 0.3583984375 0.4755859375 0.353515625 0.47265625 0.3916015625 0.4775390625 0.400390625