2 0.359375 0.4287109375 0.388671875 0.4248046875 0.3828125 0.3740234375 0.3681640625 0.3515625 0.3505859375 0.35546875 0.34765625 0.3701171875 0.34765625 0.4072265625
2 0.5703125 0.6142578125 0.5751953125 0.609375 0.6044921875 0.611328125 0.61328125 0.5966796875 0.61328125 0.5830078125 0.5859375 0.5205078125 0.5693359375 0.50390625 0.5537109375 0.50390625 0.52734375 0.5166015625 0.52734375 0.5380859375 0.53515625 0.5673828125
2 0.416015625 0.4189453125 0.431640625 0.4169921875 0.431640625 0.3955078125 0.423828125 0.3681640625 0.4150390625 0.35546875 0.4052734375 0.353515625 0.39453125 0.3603515625 0.392578125 0.3935546875 0.40234375 0.4150390625
2 0.912109375 0.5966796875 0.92578125 0.5634765625 0.92578125 0.5166015625 0.8994140625 0.50390625 0.876953125 0.5537109375 0.875 0.5791015625 0.8876953125 0.59375
2 0.869140625 0.5087890625 0.884765625 0.4970703125 0.88671875 0.4423828125 0.8642578125 0.4296875 0.849609375 0.4501953125 0.837890625 0.4990234375 0.8408203125 0.5078125
2 0.8046875 0.4814453125 0.830078125 0.4716796875 0.828125 0.4287109375 0.8173828125 0.421875 0.7978515625 0.423828125 0.775390625 0.4560546875 0.7783203125 0.48046875
2 0.93359375 0.5341796875 0.947265625 0.5146484375 0.951171875 0.4853515625 0.94921875 0.4619140625 0.9384765625 0.451171875 0.923828125 0.4560546875 0.91015625 0.4912109375 0.91015625 0.5048828125 0.92578125 0.5166015625 0.927734375 0.5322265625
6 0.40234375 0.3271484375 0.40234375 0.2783203125 0.3916015625 0.26171875 0.3779296875 0.259765625 0.37109375 0.2666015625 0.37109375 0.3115234375 0.3837890625 0.328125
2 0.302734375 0.3056640625 0.314453125 0.3037109375 0.314453125 0.2666015625 0.3056640625 0.2578125 0.291015625 0.2646484375 0.29296875 0.2978515625
2 0.34375 0.3134765625 0.353515625 0.3115234375 0.353515625 0.2919921875 0.3466796875 0.279296875 0.3369140625 0.28125 0.33203125 0.2939453125 0.333984375 0.3095703125
2 0.173828125 0.2490234375 0.177734375 0.2216796875 0.1650390625 0.21484375 0.158203125 0.2431640625 0.1650390625 0.25