8 0.39453125 0.4013671875 0.404296875 0.3486328125 0.40234375 0.3076171875 0.3974609375 0.302734375 0.380859375 0.3330078125 0.373046875 0.3701171875 0.376953125 0.3974609375
8 0.44140625 0.3681640625 0.451171875 0.3330078125 0.451171875 0.3056640625 0.4423828125 0.27734375 0.427734375 0.3017578125 0.4296875 0.3642578125
2 0.4921875 0.3349609375 0.5078125 0.3154296875 0.51171875 0.2783203125 0.50390625 0.2509765625 0.4794921875 0.23828125 0.462890625 0.2568359375 0.45703125 0.3173828125 0.4619140625 0.333984375
2 0.611328125 0.3837890625 0.6171875 0.3740234375 0.6171875 0.3486328125 0.607421875 0.2978515625 0.5927734375 0.28515625 0.5615234375 0.2890625 0.546875 0.3017578125 0.54296875 0.3134765625 0.544921875 0.3564453125 0.5693359375 0.376953125
2 0.513671875 0.2607421875 0.537109375 0.2490234375 0.5390625 0.2158203125 0.5205078125 0.19140625 0.4912109375 0.189453125 0.4765625 0.2021484375 0.474609375 0.2294921875 0.4794921875 0.240234375 0.4970703125 0.2421875
2 0.62109375 0.3154296875 0.626953125 0.2978515625 0.625 0.2412109375 0.6162109375 0.23046875 0.5966796875 0.228515625 0.587890625 0.2353515625 0.580078125 0.2802734375 0.6005859375 0.2890625
2 0.578125 0.2724609375 0.583984375 0.2587890625 0.58203125 0.2236328125 0.5654296875 0.21875 0.552734375 0.2431640625 0.552734375 0.2705078125
2 0.658203125 0.2353515625 0.666015625 0.2275390625 0.66796875 0.2119140625 0.666015625 0.1826171875 0.66015625 0.1767578125 0.666015625 0.1689453125 0.6513671875 0.1640625 0.634765625 0.1728515625 0.626953125 0.2314453125
8 0.744140625 0.2666015625 0.7431640625 0.212890625 0.736328125 0.2255859375 0.732421875 0.2626953125
8 0.759765625 0.2685546875 0.765625 0.2548828125 0.7626953125 0.2109375 0.75 0.2412109375 0.75 0.2646484375
8 0.775390625 0.2744140625 0.779296875 0.2412109375 0.7744140625 0.22265625 0.765625 0.2392578125 0.765625 0.2587890625 0.76953125 0.2744140625
8 0.791015625 0.2783203125 0.796875 0.2490234375 0.7880859375 0.236328125 0.78125 0.2431640625 0.78125 0.2646484375 0.783203125 0.2744140625
8 0.806640625 0.2705078125 0.8056640625 0.22265625 0.796875 0.2373046875 0.796875 0.2666015625
8 0.7265625 0.2646484375 0.728515625 0.2119140625 0.7216796875 0.203125 0.7109375 0.2373046875 0.71484375 0.2646484375
8 0.69921875 0.2587890625 0.69921875 0.2119140625 0.6923828125 0.205078125 0.685546875 0.2548828125
8 0.705078125 0.2509765625 0.70703125 0.2197265625 0.6953125 0.2216796875 0.6943359375 0.205078125 0.689453125 0.2294921875 0.6953125 0.2294921875 0.69921875 0.2509765625
8 0.859375 0.2998046875 0.86328125 0.2568359375 0.8583984375 0.25 0.849609375 0.2626953125 0.849609375 0.2802734375 0.8515625 0.2978515625
8 0.84765625 0.2509765625 0.849609375 0.2060546875 0.8447265625 0.201171875 0.837890625 0.2412109375 0.83984375 0.2490234375