2 0.24609375 0.4619140625 0.2724609375 0.45703125 0.287109375 0.4462890625 0.28515625 0.4130859375 0.2490234375 0.376953125 0.2294921875 0.369140625 0.2041015625 0.375 0.1787109375 0.390625 0.173828125 0.4228515625 0.181640625 0.4482421875 0.2060546875 0.447265625
2 0.634765625 0.3310546875 0.6455078125 0.31640625 0.658203125 0.3134765625 0.66015625 0.2802734375 0.6474609375 0.2578125 0.6123046875 0.251953125 0.599609375 0.2646484375 0.595703125 0.3212890625 0.5986328125 0.326171875 0.6240234375 0.32421875
2 0.6796875 0.2978515625 0.6826171875 0.291015625 0.697265625 0.2880859375 0.697265625 0.2607421875 0.6845703125 0.244140625 0.6650390625 0.240234375 0.6552734375 0.244140625 0.6484375 0.2568359375 0.66015625 0.2744140625 0.662109375 0.2958984375
2 0.720703125 0.2685546875 0.734375 0.2587890625 0.732421875 0.2353515625 0.7216796875 0.220703125 0.7021484375 0.21875 0.6875 0.2431640625 0.7021484375 0.267578125
2 0.14453125 0.4267578125 0.1669921875 0.419921875 0.173828125 0.4013671875 0.16796875 0.3837890625 0.1396484375 0.353515625 0.1123046875 0.345703125 0.1044921875 0.357421875 0.076171875 0.3642578125 0.07421875 0.3896484375 0.0810546875 0.4140625 0.1083984375 0.41796875 0.111328125 0.3935546875 0.1201171875 0.392578125 0.125 0.4248046875
9 0.205078125 0.3740234375 0.212890625 0.3701171875 0.212890625 0.3291015625 0.2060546875 0.3203125 0.19921875 0.3291015625 0.19921875 0.3740234375
11 0.181640625 0.5048828125 0.1875 0.5009765625 0.189453125 0.4736328125 0.185546875 0.4638671875 0.1728515625 0.45703125 0.166015625 0.4853515625 0.169921875 0.4970703125
2 0.779296875 0.2197265625 0.7705078125 0.193359375 0.75 0.1962890625 0.7509765625 0.21875
2 0.828125 0.1884765625 0.84375 0.1787109375 0.84765625 0.1630859375 0.85546875 0.1572265625 0.8544921875 0.15234375 0.8427734375 0.15625 0.8388671875 0.14453125 0.80859375 0.1611328125
2 0.810546875 0.2060546875 0.8203125 0.2001953125 0.8203125 0.1806640625 0.7939453125 0.177734375 0.791015625 0.1826171875 0.80078125 0.1904296875 0.802734375 0.2041015625
2 0.931640625 0.1337890625 0.935546875 0.1162109375 0.9228515625 0.11328125 0.91796875 0.1318359375