2 0.69921875 0.9794921875 0.70703125 0.9658203125 0.712890625 0.9072265625 0.7041015625 0.896484375 0.6787109375 0.89453125 0.673828125 0.8994140625 0.666015625 0.9677734375 0.6728515625 0.9765625
2 0.7265625 0.8388671875 0.73046875 0.7919921875 0.7236328125 0.78515625 0.7060546875 0.783203125 0.697265625 0.8095703125 0.697265625 0.8369140625
2 0.62109375 0.7392578125 0.62890625 0.7216796875 0.62890625 0.7021484375 0.6181640625 0.689453125 0.6044921875 0.689453125 0.595703125 0.7060546875 0.595703125 0.7392578125
2 0.73046875 0.7783203125 0.73046875 0.7333984375 0.7119140625 0.7265625 0.705078125 0.7431640625 0.705078125 0.7763671875
2 0.734375 0.7294921875 0.734375 0.6904296875 0.7177734375 0.68359375 0.708984375 0.7041015625 0.708984375 0.7236328125
2 0.712890625 0.6865234375 0.728515625 0.6826171875 0.728515625 0.6552734375 0.7216796875 0.646484375 0.70703125 0.6494140625 0.705078125 0.6787109375 0.70703125 0.6865234375
2 0.912109375 0.7119140625 0.916015625 0.7021484375 0.91015625 0.6708984375 0.9013671875 0.66015625 0.8876953125 0.658203125 0.87890625 0.6669921875 0.880859375 0.7001953125 0.8876953125 0.708984375
2 0.708984375 0.6474609375 0.724609375 0.6455078125 0.724609375 0.6259765625 0.7158203125 0.609375 0.7060546875 0.609375 0.701171875 0.6162109375 0.701171875 0.6416015625
2 0.724609375 0.6162109375 0.7265625 0.5849609375 0.7099609375 0.578125 0.703125 0.5888671875 0.705078125 0.6083984375
2 0.703125 0.5888671875 0.71484375 0.5751953125 0.7099609375 0.5546875 0.6953125 0.5576171875 0.693359375 0.5810546875
2 0.703125 0.5869140625 0.705078125 0.5810546875 0.6982421875 0.580078125 0.697265625 0.5869140625
2 0.697265625 0.5615234375 0.712890625 0.5556640625 0.7060546875 0.529296875 0.6982421875 0.529296875 0.69140625 0.5380859375