1 0.060546875 0.5791015625 0.0791015625 0.57421875 0.0859375 0.5654296875 0.08203125 0.5166015625 0.0244140625 0.4765625 0.0009765625 0.478515625 0 0.5400390625 0.0478515625 0.580078125
1 0.12109375 0.5341796875 0.146484375 0.5263671875 0.14453125 0.4794921875 0.0966796875 0.447265625 0.0712890625 0.44921875 0.06640625 0.4541015625 0.0703125 0.4970703125 0.1044921875 0.52734375
1 0.119140625 0.4423828125 0.123046875 0.4130859375 0.1181640625 0.3984375 0.0810546875 0.3828125 0.05859375 0.3876953125 0.05859375 0.4208984375 0.0634765625 0.42578125 0.0947265625 0.443359375
1 0.142578125 0.4052734375 0.150390625 0.4013671875 0.1435546875 0.369140625 0.1162109375 0.35546875 0.091796875 0.3583984375 0.0927734375 0.38671875 0.1240234375 0.404296875
1 0.248046875 0.4462890625 0.26171875 0.4287109375 0.2587890625 0.388671875 0.2412109375 0.388671875 0.224609375 0.4072265625 0.224609375 0.4462890625
1 0.240234375 0.4482421875 0.25390625 0.4423828125 0.2646484375 0.41015625 0.2841796875 0.412109375 0.2890625 0.4052734375 0.29296875 0.3681640625 0.2880859375 0.361328125 0.271484375 0.3662109375 0.263671875 0.3779296875 0.2646484375 0.39453125 0.2412109375 0.388671875 0.22265625 0.4443359375
2 0.427734375 0.9990234375 0.427734375 0.9384765625 0.416015625 0.8974609375 0.4091796875 0.888671875 0.3896484375 0.888671875 0.380859375 0.8974609375 0.37890625 0.9111328125 0.38671875 0.9990234375
2 0.392578125 0.8486328125 0.400390625 0.8388671875 0.3974609375 0.82421875 0.3671875 0.8427734375 0.3720703125 0.849609375
2 0.37109375 0.8310546875 0.3955078125 0.822265625 0.400390625 0.8115234375 0.400390625 0.7978515625 0.3857421875 0.763671875 0.365234375 0.7685546875 0.36328125 0.8115234375 0.365234375 0.8271484375
2 0.46875 0.9306640625 0.4765625 0.9267578125 0.482421875 0.9052734375 0.4765625 0.8701171875 0.462890625 0.8330078125 0.4423828125 0.830078125 0.43359375 0.8369140625 0.439453125 0.9189453125 0.4482421875 0.931640625
2 0.427734375 0.8017578125 0.4453125 0.7919921875 0.44921875 0.7587890625 0.4375 0.7255859375 0.4306640625 0.71875 0.4169921875 0.71875 0.41015625 0.7314453125 0.4140625 0.7900390625 0.4189453125 0.80078125
2 0.53515625 0.9384765625 0.55078125 0.9306640625 0.54296875 0.8701171875 0.5302734375 0.841796875 0.5068359375 0.837890625 0.5 0.8427734375 0.498046875 0.8583984375 0.51171875 0.9287109375 0.5185546875 0.9375
2 0.4609375 0.6572265625 0.466796875 0.6513671875 0.4609375 0.5986328125 0.4521484375 0.583984375 0.4365234375 0.583984375 0.4296875 0.6103515625 0.435546875 0.6455078125 0.4443359375 0.658203125
2 0.8203125 0.8212890625 0.83203125 0.8134765625 0.8203125 0.7724609375 0.8037109375 0.759765625 0.7763671875 0.763671875 0.771484375 0.7841796875 0.796875 0.8193359375
2 0.767578125 0.7529296875 0.775390625 0.7470703125 0.7734375 0.7294921875 0.7578125 0.7021484375 0.7255859375 0.701171875 0.72265625 0.7216796875 0.740234375 0.7490234375 0.7451171875 0.75390625
2 0.88671875 0.9052734375 0.90234375 0.8974609375 0.90234375 0.8857421875 0.8828125 0.8486328125 0.8701171875 0.8359375 0.8466796875 0.828125 0.8251953125 0.83203125 0.82421875 0.8505859375 0.830078125 0.8623046875 0.84765625 0.8740234375 0.857421875 0.8974609375
2 0.962890625 0.9951171875 0.97265625 0.9853515625 0.970703125 0.9599609375 0.966796875 0.9443359375 0.94921875 0.9208984375 0.9384765625 0.91015625 0.9130859375 0.90234375 0.8896484375 0.904296875 0.890625 0.9423828125 0.9404296875 0.9921875
2 0.720703125 0.6962890625 0.728515625 0.6904296875 0.728515625 0.6748046875 0.71875 0.6572265625 0.7099609375 0.6484375 0.6865234375 0.65234375 0.68359375 0.6689453125 0.69921875 0.6943359375
2 0.67578125 0.6416015625 0.681640625 0.6376953125 0.67578125 0.6083984375 0.6650390625 0.599609375 0.6435546875 0.603515625 0.640625 0.6220703125 0.650390625 0.6357421875 0.6591796875 0.642578125
2 0.642578125 0.5947265625 0.640625 0.5693359375 0.6318359375 0.560546875 0.6181640625 0.5625 0.611328125 0.5712890625 0.61328125 0.5888671875 0.6220703125 0.595703125
2 0.61328125 0.5673828125 0.625 0.5498046875 0.6162109375 0.53515625 0.6064453125 0.533203125 0.59375 0.5419921875 0.591796875 0.5556640625 0.6025390625 0.568359375
2 0.373046875 0.4814453125 0.373046875 0.4580078125 0.3603515625 0.455078125 0.349609375 0.4736328125 0.3583984375 0.482421875
2 0.595703125 0.5400390625 0.6015625 0.5341796875 0.599609375 0.5185546875 0.5947265625 0.509765625 0.5849609375 0.509765625 0.57421875 0.5185546875 0.57421875 0.5322265625 0.5810546875 0.541015625
2 0.57421875 0.5185546875 0.5859375 0.5087890625 0.5859375 0.5009765625 0.5712890625 0.48828125 0.5625 0.4951171875 0.560546875 0.5087890625 0.5654296875 0.517578125
2 0.548828125 0.4833984375 0.564453125 0.4658203125 0.5458984375 0.455078125 0.537109375 0.4638671875 0.537109375 0.4775390625
1 0.076171875 0.3701171875 0.087890625 0.3564453125 0.08984375 0.3369140625 0.0849609375 0.330078125 0.0673828125 0.330078125 0.052734375 0.3408203125 0.052734375 0.3701171875
1 0.20703125 0.3955078125 0.212890625 0.3916015625 0.2080078125 0.361328125 0.1787109375 0.349609375 0.158203125 0.3544921875 0.1650390625 0.38671875
1 0.158203125 0.3525390625 0.162109375 0.3466796875 0.1474609375 0.3359375 0.119140625 0.3369140625 0.1220703125 0.34375
1 0.12890625 0.3251953125 0.13671875 0.2978515625 0.1201171875 0.291015625 0.11328125 0.2978515625 0.111328125 0.3232421875
2 0.34375 0.4365234375 0.345703125 0.3994140625 0.3408203125 0.388671875 0.3330078125 0.388671875 0.330078125 0.4345703125