2 0.259765625 0.5615234375 0.2783203125 0.55859375 0.2978515625 0.546875 0.3125 0.5146484375 0.306640625 0.4794921875 0.2705078125 0.44921875 0.2490234375 0.44140625 0.2216796875 0.44140625 0.1962890625 0.458984375 0.1728515625 0.46484375 0.1484375 0.4853515625 0.142578125 0.5224609375 0.1552734375 0.541015625 0.1884765625 0.541015625
2 0.39453125 0.4052734375 0.3974609375 0.400390625 0.4189453125 0.400390625 0.431640625 0.3837890625 0.42578125 0.3154296875 0.4189453125 0.306640625 0.3896484375 0.30078125 0.3544921875 0.3046875 0.31640625 0.3408203125 0.314453125 0.3759765625 0.3232421875 0.38671875 0.3505859375 0.38671875 0.3740234375 0.39453125 0.3857421875 0.40625
2 0.7734375 0.4150390625 0.775390625 0.3955078125 0.7529296875 0.388671875 0.74609375 0.4130859375
2 0.33984375 0.3134765625 0.369140625 0.2978515625 0.369140625 0.2587890625 0.3583984375 0.240234375 0.3388671875 0.240234375 0.33203125 0.2470703125 0.330078125 0.2880859375 0.333984375 0.3095703125
2 0.30859375 0.2802734375 0.330078125 0.2763671875 0.33203125 0.2470703125 0.34765625 0.2392578125 0.3330078125 0.224609375 0.3134765625 0.224609375 0.291015625 0.2490234375 0.294921875 0.2763671875
2 0.2890625 0.2568359375 0.302734375 0.2314453125 0.32421875 0.2216796875 0.3056640625 0.20703125 0.2783203125 0.2109375 0.267578125 0.2216796875 0.265625 0.2509765625 0.2763671875 0.2578125
2 0.4140625 0.2666015625 0.4208984375 0.2578125 0.43359375 0.2548828125 0.435546875 0.2333984375 0.4208984375 0.208984375 0.3955078125 0.20703125 0.380859375 0.2197265625 0.3828125 0.2626953125 0.3876953125 0.267578125
2 0.783203125 0.4697265625 0.794921875 0.4541015625 0.794921875 0.4130859375 0.7705078125 0.373046875 0.7275390625 0.37109375 0.6962890625 0.39453125 0.6865234375 0.392578125 0.671875 0.4033203125 0.666015625 0.4443359375 0.6826171875 0.4609375 0.7470703125 0.45703125 0.7626953125 0.4609375 0.7685546875 0.46875
2 1 0.4404296875 0.9990234375 0.373046875 0.98046875 0.4013671875 0.974609375 0.4287109375
2 0.953125 0.2666015625 0.962890625 0.2587890625 0.962890625 0.2431640625 0.9541015625 0.234375 0.9443359375 0.234375 0.9375 0.2626953125
2 0.943359375 0.2353515625 0.9609375 0.2314453125 0.9580078125 0.2109375 0.94140625 0.2099609375 0.9375 0.2333984375
2 0.51171875 0.2373046875 0.51953125 0.2314453125 0.521484375 0.1982421875 0.5185546875 0.193359375 0.5009765625 0.193359375 0.4921875 0.2021484375 0.48828125 0.2314453125