1 0.05859375 0.5810546875 0.0732421875 0.578125 0.0859375 0.5673828125 0.08203125 0.5185546875 0.0244140625 0.4765625 0.0029296875 0.478515625 0 0.5400390625 0.0458984375 0.580078125
1 0.12890625 0.5341796875 0.146484375 0.5283203125 0.14453125 0.4794921875 0.0947265625 0.447265625 0.0693359375 0.451171875 0.06640625 0.4755859375 0.072265625 0.5009765625 0.1103515625 0.533203125
1 0.1171875 0.4443359375 0.125 0.4365234375 0.12109375 0.4033203125 0.0849609375 0.384765625 0.0615234375 0.384765625 0.056640625 0.3955078125 0.05859375 0.4208984375 0.0927734375 0.443359375
1 0.1484375 0.4052734375 0.1455078125 0.37109375 0.1123046875 0.35546875 0.091796875 0.3603515625 0.091796875 0.3857421875 0.0986328125 0.392578125 0.1259765625 0.40625
1 0.2109375 0.3955078125 0.2060546875 0.361328125 0.1708984375 0.349609375 0.16015625 0.3525390625 0.16015625 0.3740234375 0.1669921875 0.388671875 0.1865234375 0.396484375
1 0.07421875 0.3720703125 0.087890625 0.3583984375 0.087890625 0.3349609375 0.0830078125 0.330078125 0.0654296875 0.33203125 0.052734375 0.3408203125 0.052734375 0.3720703125
1 0.28125 0.4130859375 0.29296875 0.3994140625 0.2900390625 0.36328125 0.2763671875 0.36328125 0.263671875 0.3798828125 0.263671875 0.4130859375
1 0.126953125 0.3271484375 0.134765625 0.3212890625 0.13671875 0.3017578125 0.1298828125 0.294921875 0.1181640625 0.294921875 0.111328125 0.3232421875
1 0.158203125 0.3544921875 0.162109375 0.3466796875 0.1494140625 0.337890625 0.119140625 0.3388671875 0.1240234375 0.345703125
1 0.1640625 0.3466796875 0.1669921875 0.337890625 0.1796875 0.3349609375 0.1748046875 0.328125 0.12890625 0.3271484375 0.1337890625 0.3359375
1 0.216796875 0.3310546875 0.2197265625 0.326171875 0.2109375 0.3271484375
1 0.23046875 0.3759765625 0.228515625 0.3466796875 0.2119140625 0.337890625 0.216796875 0.3427734375 0.21875 0.3759765625
1 0.25 0.3271484375 0.2490234375 0.3046875 0.2255859375 0.296875 0.21484375 0.2998046875 0.2392578125 0.328125
1 0.26953125 0.3134765625 0.2734375 0.2998046875 0.2666015625 0.291015625 0.24609375 0.2919921875 0.244140625 0.2998046875 0.2548828125 0.3125
2 0.35546875 0.5498046875 0.35546875 0.5205078125 0.3486328125 0.51171875 0.3408203125 0.51171875 0.3359375 0.5478515625
2 0.369140625 0.4736328125 0.37109375 0.4501953125 0.3583984375 0.4453125 0.349609375 0.4677734375
2 0.365234375 0.4072265625 0.365234375 0.3896484375 0.3564453125 0.384765625 0.345703125 0.4052734375
2 0.345703125 0.3837890625 0.34765625 0.3701171875 0.3369140625 0.365234375 0.33203125 0.3798828125
2 0.341796875 0.2998046875 0.34375 0.2880859375 0.3369140625 0.28125 0.33203125 0.2978515625
2 0.384765625 0.3955078125 0.384765625 0.3798828125 0.3759765625 0.373046875 0.369140625 0.3916015625 0.3720703125 0.396484375
2 0.373046875 0.3212890625 0.373046875 0.3056640625 0.3642578125 0.302734375 0.361328125 0.3193359375
13 0.447265625 0.8212890625 0.45703125 0.8134765625 0.4560546875 0.763671875 0.44140625 0.7685546875 0.44140625 0.8193359375
9 0.083984375 0.7880859375 0.08984375 0.7412109375 0.0771484375 0.732421875 0.07421875 0.7587890625
9 0.068359375 0.7880859375 0.07421875 0.7490234375 0.0654296875 0.734375 0.060546875 0.7607421875 0.0625 0.7822265625
2 0.80859375 0.8232421875 0.830078125 0.8193359375 0.82421875 0.7783203125 0.8076171875 0.76171875 0.7783203125 0.763671875 0.771484375 0.7744140625 0.7734375 0.7900390625 0.7978515625 0.822265625
2 0.765625 0.7548828125 0.775390625 0.7451171875 0.76171875 0.7080078125 0.7509765625 0.69921875 0.7255859375 0.701171875 0.72265625 0.7236328125 0.7421875 0.7529296875
2 0.884765625 0.9072265625 0.8974609375 0.90234375 0.90234375 0.8896484375 0.8828125 0.8505859375 0.8642578125 0.833984375 0.8291015625 0.830078125 0.82421875 0.8349609375 0.826171875 0.8583984375 0.84765625 0.8759765625 0.8642578125 0.90234375
2 0.71875 0.6982421875 0.728515625 0.6904296875 0.72265625 0.6650390625 0.7099609375 0.650390625 0.6865234375 0.65234375 0.68359375 0.6748046875 0.7021484375 0.69921875
2 0.673828125 0.6435546875 0.681640625 0.6376953125 0.673828125 0.6064453125 0.6611328125 0.599609375 0.6455078125 0.603515625 0.642578125 0.6259765625 0.6552734375 0.640625
2 0.642578125 0.5966796875 0.640625 0.5693359375 0.6201171875 0.5625 0.611328125 0.5712890625 0.61328125 0.5908203125 0.6259765625 0.59765625
2 0.611328125 0.5693359375 0.634765625 0.5498046875 0.6240234375 0.53515625 0.6005859375 0.53515625 0.591796875 0.5458984375 0.595703125 0.5634765625
2 0.591796875 0.5419921875 0.603515625 0.5283203125 0.59765625 0.5146484375 0.5869140625 0.509765625 0.57421875 0.5185546875 0.572265625 0.5302734375 0.5791015625 0.541015625
2 0.576171875 0.5185546875 0.5859375 0.5107421875 0.5859375 0.5029296875 0.5771484375 0.490234375 0.5693359375 0.490234375 0.55859375 0.5126953125
2 0.560546875 0.5009765625 0.572265625 0.4892578125 0.5673828125 0.474609375 0.5576171875 0.474609375 0.548828125 0.4833984375 0.548828125 0.4990234375
2 0.5625 0.5009765625 0.572265625 0.4873046875 0.572265625 0.4775390625 0.5654296875 0.47265625 0.548828125 0.4833984375 0.548828125 0.4970703125
2 0.890625 0.5244140625 0.89453125 0.5107421875 0.888671875 0.4931640625 0.8681640625 0.490234375 0.86328125 0.5009765625 0.869140625 0.5146484375 0.8818359375 0.525390625
2 0.9375 0.5537109375 0.943359375 0.5419921875 0.9248046875 0.525390625 0.9091796875 0.521484375 0.900390625 0.5263671875 0.9052734375 0.541015625
2 0.84765625 0.5029296875 0.8515625 0.4931640625 0.8369140625 0.4765625 0.81640625 0.4794921875 0.8212890625 0.49609375
2 0.86328125 0.4873046875 0.869140625 0.4814453125 0.8642578125 0.46484375 0.8486328125 0.4609375 0.8359375 0.4697265625 0.8466796875 0.486328125
2 0.548828125 0.4833984375 0.55859375 0.4658203125 0.5439453125 0.458984375 0.537109375 0.4794921875
6 0.5390625 0.4638671875 0.544921875 0.4560546875 0.544921875 0.4345703125 0.5302734375 0.423828125 0.5234375 0.4287109375 0.521484375 0.4560546875 0.5283203125 0.46484375
2 0.505859375 0.4208984375 0.513671875 0.4130859375 0.5087890625 0.40234375 0.498046875 0.4111328125 0.5 0.4208984375
2 0.517578125 0.4462890625 0.525390625 0.4287109375 0.5205078125 0.412109375 0.5107421875 0.4140625 0.501953125 0.4287109375
2 0.498046875 0.4111328125 0.50390625 0.3974609375 0.4912109375 0.392578125 0.48828125 0.4072265625
2 0.486328125 0.3916015625 0.49609375 0.3837890625 0.4833984375 0.37109375 0.4765625 0.3837890625 0.4794921875 0.392578125
2 0.4765625 0.3798828125 0.482421875 0.3662109375 0.4697265625 0.361328125 0.466796875 0.3740234375
2 0.4765625 0.3603515625 0.4736328125 0.3515625 0.466796875 0.3544921875 0.4677734375 0.361328125