6 0.447265625 0.8974609375 0.455078125 0.8662109375 0.451171875 0.8310546875 0.40625 0.6982421875 0.3408203125 0.63671875 0.3095703125 0.634765625 0.2822265625 0.64453125 0.275390625 0.6572265625 0.27734375 0.7666015625 0.287109375 0.7919921875 0.30078125 0.8017578125 0.30859375 0.8212890625 0.3544921875 0.87890625 0.3837890625 0.89453125
2 0.607421875 0.8076171875 0.6240234375 0.802734375 0.6513671875 0.771484375 0.66015625 0.7705078125 0.666015625 0.7373046875 0.662109375 0.7177734375 0.6533203125 0.70703125 0.6201171875 0.69140625 0.5947265625 0.689453125 0.572265625 0.7099609375 0.552734375 0.7490234375 0.55078125 0.7958984375 0.5849609375 0.80859375
2 0.484375 0.7255859375 0.4921875 0.7197265625 0.498046875 0.6787109375 0.494140625 0.6630859375 0.4736328125 0.646484375 0.4384765625 0.634765625 0.4189453125 0.638671875 0.3955078125 0.654296875 0.3779296875 0.650390625 0.369140625 0.6572265625 0.4150390625 0.7109375 0.4423828125 0.712890625 0.4580078125 0.7265625
2 0.21875 0.6787109375 0.2529296875 0.677734375 0.2578125 0.6416015625 0.251953125 0.6025390625 0.240234375 0.5791015625 0.2255859375 0.556640625 0.2099609375 0.5546875 0.19140625 0.5654296875 0.189453125 0.6181640625 0.19921875 0.6689453125 0.2080078125 0.677734375
2 0.154296875 0.6298828125 0.15625 0.5986328125 0.146484375 0.5380859375 0.1298828125 0.51171875 0.1064453125 0.513671875 0.09765625 0.5205078125 0.08984375 0.5419921875 0.10546875 0.6083984375 0.1123046875 0.6171875 0.1396484375 0.6171875
2 0.32421875 0.5966796875 0.3447265625 0.58203125 0.357421875 0.5634765625 0.34375 0.5478515625 0.3330078125 0.517578125 0.3017578125 0.51171875 0.291015625 0.5205078125 0.28125 0.5654296875 0.2890625 0.5810546875 0.3095703125 0.59765625
2 0.369140625 0.6513671875 0.3994140625 0.6484375 0.439453125 0.6318359375 0.439453125 0.6181640625 0.41796875 0.5791015625 0.4013671875 0.56640625 0.3623046875 0.56640625 0.333984375 0.5908203125 0.3359375 0.6279296875
2 0.6796875 0.7080078125 0.693359375 0.6962890625 0.732421875 0.6103515625 0.7421875 0.6044921875 0.7421875 0.5947265625 0.7255859375 0.58203125 0.7060546875 0.580078125 0.6630859375 0.599609375 0.6328125 0.6474609375 0.630859375 0.6767578125 0.638671875 0.6923828125 0.6669921875 0.708984375
2 0.625 0.6708984375 0.65625 0.6044921875 0.66796875 0.5966796875 0.6650390625 0.591796875 0.6357421875 0.591796875 0.599609375 0.6337890625 0.6015625 0.6630859375
2 0.87890625 0.7001953125 0.87890625 0.6826171875 0.88671875 0.6806640625 0.87890625 0.6728515625 0.87890625 0.6611328125 0.88671875 0.6533203125 0.884765625 0.6396484375 0.8720703125 0.623046875 0.8408203125 0.611328125 0.8076171875 0.619140625 0.783203125 0.6357421875 0.7802734375 0.65625 0.8056640625 0.626953125 0.814453125 0.6298828125 0.810546875 0.6474609375 0.8037109375 0.6484375 0.7978515625 0.640625 0.794921875 0.6533203125 0.7978515625 0.658203125 0.810546875 0.6572265625 0.8154296875 0.6953125 0.814453125 0.6748046875 0.828125 0.6708984375 0.828125 0.6572265625 0.8203125 0.6533203125 0.8251953125 0.650390625 0.8291015625 0.65625 0.8583984375 0.658203125 0.861328125 0.6767578125
2 0.833984375 0.9287109375 0.845703125 0.9150390625 0.84765625 0.8857421875 0.8076171875 0.8359375 0.7802734375 0.82421875 0.7509765625 0.822265625 0.7138671875 0.830078125 0.7001953125 0.826171875 0.6806640625 0.833984375 0.671875 0.8447265625 0.671875 0.8876953125 0.7041015625 0.912109375 0.7998046875 0.9296875
2 0.771484375 0.6494140625 0.7900390625 0.623046875 0.818359375 0.6123046875 0.81640625 0.5751953125 0.802734375 0.5634765625 0.796875 0.5458984375 0.7841796875 0.5390625 0.755859375 0.5439453125 0.7578125 0.5810546875 0.74609375 0.5966796875 0.75 0.6396484375 0.7587890625 0.650390625
6 0.822265625 0.7705078125 0.8486328125 0.759765625 0.876953125 0.7333984375 0.888671875 0.6923828125 0.88671875 0.6396484375 0.8740234375 0.623046875 0.8427734375 0.609375 0.7978515625 0.62109375 0.78125 0.6337890625 0.767578125 0.7060546875 0.765625 0.7490234375 0.8115234375 0.771484375
2 0.849609375 0.5791015625 0.861328125 0.5732421875 0.865234375 0.5576171875 0.865234375 0.5263671875 0.8525390625 0.515625 0.830078125 0.5244140625 0.81640625 0.5615234375 0.8212890625 0.576171875
2 0.74609375 0.5927734375 0.7578125 0.5810546875 0.755859375 0.5537109375 0.7353515625 0.546875 0.7138671875 0.5546875 0.701171875 0.5810546875 0.7197265625 0.580078125
2 0.27734375 0.5673828125 0.279296875 0.5498046875 0.291015625 0.5283203125 0.2802734375 0.515625 0.2587890625 0.513671875 0.244140625 0.5283203125 0.24609375 0.5517578125 0.2626953125 0.56640625
2 0.2421875 0.5341796875 0.26171875 0.5048828125 0.2509765625 0.484375 0.2294921875 0.482421875 0.212890625 0.5048828125 0.212890625 0.5205078125 0.2275390625 0.533203125
2 0.08984375 0.5458984375 0.091796875 0.5302734375 0.103515625 0.5146484375 0.0947265625 0.4921875 0.0791015625 0.494140625 0.072265625 0.5146484375 0.076171875 0.5400390625 0.0810546875 0.546875
2 0.06640625 0.4873046875 0.06640625 0.4775390625 0.083984375 0.4697265625 0.0771484375 0.451171875 0.060546875 0.4560546875 0.05859375 0.4794921875
2 0.1171875 0.4892578125 0.119140625 0.4619140625 0.1123046875 0.44921875 0.0966796875 0.4453125 0.08984375 0.4638671875 0.091796875 0.4814453125 0.1005859375 0.490234375
2 0.20703125 0.5126953125 0.228515625 0.4794921875 0.2197265625 0.466796875 0.2041015625 0.466796875 0.19140625 0.4853515625 0.1953125 0.5087890625
2 0.1796875 0.4951171875 0.201171875 0.4697265625 0.19921875 0.4521484375 0.1865234375 0.447265625 0.1767578125 0.44921875 0.16796875 0.4619140625 0.166015625 0.4853515625
6 0.12890625 0.4638671875 0.14453125 0.4580078125 0.14453125 0.4072265625 0.1337890625 0.396484375 0.1220703125 0.39453125 0.1015625 0.4130859375 0.099609375 0.4404296875 0.1181640625 0.4609375
2 0.05078125 0.4287109375 0.0654296875 0.42578125 0.068359375 0.4169921875 0.068359375 0.4033203125 0.0595703125 0.392578125 0.0478515625 0.392578125 0.041015625 0.4013671875 0.04296875 0.4267578125
2 0.056640625 0.4677734375 0.05859375 0.4560546875 0.07421875 0.4501953125 0.072265625 0.4365234375 0.0634765625 0.4296875 0.0537109375 0.431640625 0.048828125 0.4443359375
9 0.025390625 0.7021484375 0.029296875 0.6494140625 0.0185546875 0.619140625 0.015625 0.6923828125
9 0.046875 0.6962890625 0.052734375 0.6533203125 0.0419921875 0.61328125 0.03515625 0.6337890625 0.03515625 0.6630859375 0.041015625 0.6943359375
9 0.068359375 0.6982421875 0.072265625 0.6337890625 0.0615234375 0.6171875 0.0625 0.6962890625
3 0.1875 0.5400390625 0.193359375 0.5048828125 0.1845703125 0.486328125 0.177734375 0.5146484375 0.1796875 0.5380859375
3 0.5390625 0.6748046875 0.54296875 0.6494140625 0.53515625 0.6259765625 0.54296875 0.6181640625 0.54296875 0.6083984375 0.537109375 0.5888671875 0.5302734375 0.5859375 0.51171875 0.6279296875 0.509765625 0.6513671875 0.5146484375 0.66015625 0.525390625 0.6591796875 0.5302734375 0.673828125