2 0.447265625 0.7705078125 0.48828125 0.7568359375 0.48828125 0.6982421875 0.4765625 0.6728515625 0.478515625 0.6611328125 0.470703125 0.6572265625 0.447265625 0.6044921875 0.4365234375 0.59765625 0.4189453125 0.59765625 0.4033203125 0.603515625 0.39453125 0.6181640625 0.3984375 0.6826171875 0.427734375 0.7626953125
2 0.5078125 0.6083984375 0.517578125 0.6044921875 0.509765625 0.5283203125 0.4814453125 0.48828125 0.4599609375 0.490234375 0.44921875 0.5146484375 0.451171875 0.5556640625 0.466796875 0.5927734375 0.4814453125 0.609375
2 0.431640625 0.4892578125 0.4365234375 0.484375 0.45703125 0.4853515625 0.455078125 0.4541015625 0.4375 0.4072265625 0.4169921875 0.40234375 0.40625 0.4169921875 0.404296875 0.4501953125 0.41796875 0.4833984375
2 0.357421875 0.4384765625 0.369140625 0.4345703125 0.369140625 0.4013671875 0.361328125 0.3779296875 0.3466796875 0.37109375 0.333984375 0.3818359375 0.333984375 0.4130859375 0.33984375 0.4365234375
2 0.365234375 0.3525390625 0.359375 0.3056640625 0.3505859375 0.296875 0.3408203125 0.298828125 0.3359375 0.3408203125 0.3466796875 0.353515625
2 0.712890625 0.9775390625 0.7333984375 0.970703125 0.7578125 0.9482421875 0.76171875 0.9365234375 0.755859375 0.9169921875 0.736328125 0.8701171875 0.708984375 0.8291015625 0.6728515625 0.802734375 0.6533203125 0.8046875 0.623046875 0.8271484375 0.6171875 0.8505859375 0.62890625 0.9287109375 0.6376953125 0.939453125 0.6787109375 0.943359375 0.677734375 0.9501953125 0.693359375 0.9677734375 0.7021484375 0.9765625
1 0.662109375 0.7021484375 0.6767578125 0.6953125 0.685546875 0.6806640625 0.6875 0.5986328125 0.677734375 0.5576171875 0.666015625 0.5380859375 0.5966796875 0.46875 0.5732421875 0.466796875 0.556640625 0.4833984375 0.55078125 0.5537109375 0.556640625 0.5947265625 0.619140625 0.6630859375 0.62890625 0.6943359375 0.6396484375 0.703125
2 0.912109375 0.5966796875 0.92578125 0.5576171875 0.927734375 0.5263671875 0.9189453125 0.509765625 0.8994140625 0.50390625 0.880859375 0.5419921875 0.875 0.5771484375 0.8837890625 0.591796875
2 0.849609375 0.5107421875 0.8759765625 0.505859375 0.892578125 0.4736328125 0.88671875 0.4638671875 0.88671875 0.4404296875 0.8720703125 0.431640625 0.85546875 0.4384765625 0.83984375 0.4775390625 0.83984375 0.5068359375
2 0.802734375 0.4833984375 0.8271484375 0.47265625 0.83203125 0.4619140625 0.828125 0.4287109375 0.8173828125 0.421875 0.7958984375 0.42578125 0.775390625 0.4580078125 0.7783203125 0.48046875
2 0.75390625 0.4130859375 0.759765625 0.4091796875 0.755859375 0.3798828125 0.7333984375 0.359375 0.7001953125 0.3515625 0.69140625 0.3759765625 0.697265625 0.4072265625
2 0.5390625 0.3779296875 0.546875 0.3642578125 0.53125 0.3271484375 0.5205078125 0.318359375 0.4853515625 0.31640625 0.478515625 0.3291015625 0.478515625 0.3623046875 0.5205078125 0.37890625
2 0.935546875 0.5341796875 0.94921875 0.5029296875 0.94921875 0.4619140625 0.9423828125 0.453125 0.9287109375 0.451171875 0.912109375 0.4814453125 0.91015625 0.5048828125 0.92578125 0.5146484375 0.927734375 0.5341796875