4 0.439453125 0.5419921875 0.4560546875 0.541015625 0.46875 0.5322265625 0.453125 0.5029296875 0.451171875 0.4697265625 0.4287109375 0.431640625 0.427734375 0.5361328125 0.4306640625 0.54296875
4 0.263671875 0.5908203125 0.2822265625 0.572265625 0.3466796875 0.560546875 0.3642578125 0.560546875 0.3720703125 0.568359375 0.37890625 0.5654296875 0.37890625 0.4169921875 0.3740234375 0.3984375 0.2880859375 0.408203125 0.2744140625 0.43359375 0.2548828125 0.421875 0.2275390625 0.423828125 0.21875 0.4306640625 0.20703125 0.4892578125 0.2109375 0.5615234375 0.2275390625 0.578125
4 0.66015625 0.4990234375 0.6748046875 0.462890625 0.6923828125 0.458984375 0.7197265625 0.46875 0.728515625 0.4482421875 0.73046875 0.3173828125 0.7177734375 0.30859375 0.6494140625 0.310546875 0.64453125 0.3154296875 0.646484375 0.4912109375 0.6513671875 0.5
4 0.591796875 0.5009765625 0.6328125 0.4970703125 0.63671875 0.3134765625 0.4287109375 0.3203125 0.423828125 0.3251953125 0.42578125 0.4091796875 0.44921875 0.4599609375 0.4677734375 0.466796875 0.4794921875 0.482421875 0.4892578125 0.470703125 0.5146484375 0.46875 0.5283203125 0.474609375 0.5341796875 0.46875 0.5615234375 0.46875 0.5703125 0.4912109375 0.5791015625 0.5
6 0.13671875 0.4365234375 0.1826171875 0.427734375 0.189453125 0.4208984375 0.1953125 0.3974609375 0.1865234375 0.361328125 0.1572265625 0.36328125 0.126953125 0.3818359375 0.119140625 0.4248046875
2 0.21875 0.4287109375 0.2275390625 0.421875 0.267578125 0.4189453125 0.26953125 0.3818359375 0.2607421875 0.359375 0.2431640625 0.357421875 0.22265625 0.3720703125 0.2109375 0.4013671875 0.2109375 0.4228515625
2 0.80859375 0.3095703125 0.80859375 0.2763671875 0.7841796875 0.275390625 0.77734375 0.2841796875 0.77734375 0.3056640625
2 0.673828125 0.3095703125 0.6884765625 0.30859375 0.693359375 0.3017578125 0.6865234375 0.279296875 0.6728515625 0.279296875 0.6640625 0.2900390625 0.6640625 0.3076171875
2 0.462890625 0.2939453125 0.4609375 0.2685546875 0.4501953125 0.263671875 0.44140625 0.2724609375 0.439453125 0.2919921875
2 0.490234375 0.2197265625 0.494140625 0.2099609375 0.4853515625 0.203125 0.48046875 0.2177734375
2 0.48828125 0.3173828125 0.54296875 0.3134765625 0.5419921875 0.2265625 0.48046875 0.2314453125 0.48046875 0.3154296875
13 0.162109375 0.5224609375 0.169921875 0.5107421875 0.1640625 0.4990234375 0.169921875 0.4931640625 0.1640625 0.4794921875 0.169921875 0.4677734375 0.1630859375 0.4609375 0.1513671875 0.4609375 0.15234375 0.5185546875
11 0.1875 0.3115234375 0.19140625 0.2685546875 0.1787109375 0.265625 0.169921875 0.2744140625 0.177734375 0.2802734375 0.1796875 0.3115234375
2 0.337890625 0.3505859375 0.35546875 0.3369140625 0.3486328125 0.31640625 0.333984375 0.3271484375
2 0.51171875 0.2216796875 0.5087890625 0.2109375 0.5 0.2138671875 0.5009765625 0.22265625
2 0.5078125 0.2001953125 0.5048828125 0.193359375 0.498046875 0.1962890625 0.4990234375 0.201171875
1 0.24609375 0.1025390625 0.255859375 0.1005859375 0.25390625 0.0009765625 0.2158203125 0 0.21875 0.1005859375