9 0.107421875 0.5166015625 0.111328125 0.4658203125 0.1044921875 0.4453125 0.099609375 0.4697265625 0.1015625 0.5146484375
9 0.19921875 0.4833984375 0.201171875 0.4755859375 0.21484375 0.4677734375 0.21484375 0.4501953125 0.1904296875 0.41796875 0.18359375 0.4716796875
9 0.310546875 0.4306640625 0.3056640625 0.37109375 0.296875 0.4208984375
9 0.39453125 0.4677734375 0.390625 0.4072265625 0.3857421875 0.404296875 0.37890625 0.4580078125
9 0.421875 0.4736328125 0.41796875 0.4150390625 0.4111328125 0.404296875 0.41015625 0.4619140625
9 0.4296875 0.4287109375 0.435546875 0.4208984375 0.4306640625 0.384765625 0.42578125 0.3916015625
9 0.4765625 0.4404296875 0.470703125 0.4169921875 0.47265625 0.3916015625 0.4658203125 0.376953125 0.458984375 0.4345703125
9 0.517578125 0.4443359375 0.513671875 0.3955078125 0.5068359375 0.384765625 0.50390625 0.4404296875 0.5107421875 0.443359375 0.5107421875 0.43359375
9 0.5546875 0.4091796875 0.552734375 0.3720703125 0.5439453125 0.353515625 0.5390625 0.4033203125
9 0.7578125 0.5517578125 0.765625 0.5009765625 0.7587890625 0.48046875 0.75 0.5263671875
13 0.654296875 0.3955078125 0.66015625 0.3857421875 0.66015625 0.3603515625 0.6513671875 0.35546875 0.6484375 0.3896484375
2 0.3671875 0.4033203125 0.3671875 0.3623046875 0.3583984375 0.34765625 0.3427734375 0.34765625 0.333984375 0.3701171875 0.33984375 0.4013671875
2 0.294921875 0.3603515625 0.30859375 0.3564453125 0.306640625 0.3232421875 0.2978515625 0.314453125 0.287109375 0.3173828125 0.283203125 0.3310546875 0.28515625 0.3583984375
2 0.333984375 0.3701171875 0.3359375 0.3544921875 0.349609375 0.3447265625 0.3427734375 0.322265625 0.32421875 0.3271484375 0.32421875 0.3583984375
2 0.431640625 0.3740234375 0.431640625 0.3310546875 0.4208984375 0.314453125 0.4052734375 0.3125 0.3984375 0.3232421875 0.3984375 0.3564453125 0.4130859375 0.373046875
2 0.361328125 0.3076171875 0.3671875 0.3056640625 0.36328125 0.2724609375 0.3466796875 0.26953125 0.345703125 0.3037109375
2 0.4765625 0.3623046875 0.4931640625 0.35546875 0.498046875 0.3447265625 0.4716796875 0.31640625 0.4541015625 0.31640625 0.447265625 0.3271484375 0.44921875 0.3505859375
2 0.431640625 0.3193359375 0.431640625 0.2919921875 0.4248046875 0.28125 0.4130859375 0.28125 0.40625 0.2900390625 0.40625 0.3076171875
2 0.404296875 0.2958984375 0.41015625 0.2763671875 0.3974609375 0.265625 0.388671875 0.2724609375 0.388671875 0.2900390625 0.3955078125 0.296875
2 0.36328125 0.2626953125 0.365234375 0.2373046875 0.3447265625 0.232421875 0.341796875 0.2568359375
2 0.58984375 0.3994140625 0.609375 0.3935546875 0.60546875 0.3662109375 0.5830078125 0.345703125 0.5693359375 0.3515625 0.5654296875 0.341796875 0.5439453125 0.34765625 0.5390625 0.3525390625 0.541015625 0.3779296875 0.5498046875 0.38671875 0.5654296875 0.384765625 0.5830078125 0.400390625
2 0.77734375 0.4794921875 0.7978515625 0.474609375 0.8046875 0.4619140625 0.806640625 0.4345703125 0.7919921875 0.416015625 0.7685546875 0.419921875 0.74609375 0.4501953125 0.7548828125 0.4765625
2 0.853515625 0.5185546875 0.87109375 0.4951171875 0.87109375 0.4638671875 0.8583984375 0.447265625 0.8408203125 0.4453125 0.818359375 0.4794921875 0.818359375 0.5087890625 0.8330078125 0.517578125
2 0.89453125 0.5830078125 0.908203125 0.5458984375 0.91015625 0.5087890625 0.90625 0.4853515625 0.8876953125 0.4765625 0.87109375 0.4990234375 0.857421875 0.5439453125 0.85546875 0.5732421875 0.8642578125 0.583984375
2 0.87890625 0.4638671875 0.890625 0.4560546875 0.900390625 0.4267578125 0.8876953125 0.412109375 0.8720703125 0.41015625 0.853515625 0.4345703125 0.853515625 0.4443359375 0.8720703125 0.46484375
2 0.849609375 0.4365234375 0.873046875 0.4091796875 0.8681640625 0.39453125 0.8447265625 0.392578125 0.830078125 0.4150390625 0.83203125 0.4306640625
2 0.8515625 0.4345703125 0.88671875 0.3876953125 0.8828125 0.3701171875 0.8642578125 0.357421875 0.849609375 0.3623046875 0.845703125 0.3935546875 0.830078125 0.4150390625 0.8330078125 0.431640625
2 0.90625 0.4794921875 0.919921875 0.4306640625 0.9052734375 0.42578125 0.888671875 0.4658203125 0.8916015625 0.474609375
2 0.9765625 0.4833984375 0.986328125 0.4677734375 0.986328125 0.4384765625 0.9794921875 0.4296875 0.9658203125 0.427734375 0.962890625 0.4775390625
2 0.99609375 0.4423828125 1 0.3974609375 0.9892578125 0.390625 0.9619140625 0.390625 0.955078125 0.4052734375 0.96875 0.4169921875 0.958984375 0.4189453125
6 0.931640625 0.5205078125 0.94140625 0.5185546875 0.962890625 0.4814453125 0.96484375 0.4306640625 0.9482421875 0.416015625 0.9384765625 0.416015625 0.921875 0.4306640625 0.908203125 0.4755859375 0.9140625 0.5166015625
13 0.337890625 0.2685546875 0.3369140625 0.228515625 0.330078125 0.2353515625 0.330078125 0.2568359375 0.33203125 0.2685546875