1 0.34765625 0.7041015625 0.369140625 0.7001953125 0.3828125 0.6669921875 0.4453125 0.5927734375 0.44921875 0.5517578125 0.443359375 0.4833984375 0.4248046875 0.46484375 0.4033203125 0.46875 0.32421875 0.5517578125 0.3125 0.5966796875 0.314453125 0.6923828125 0.3271484375 0.701171875
2 0.55859375 0.7705078125 0.576171875 0.7568359375 0.60546875 0.6533203125 0.60546875 0.6162109375 0.5986328125 0.60546875 0.5810546875 0.59765625 0.5634765625 0.59765625 0.552734375 0.6044921875 0.51171875 0.6982421875 0.51171875 0.7568359375 0.5400390625 0.76953125
2 0.4921875 0.6005859375 0.5263671875 0.599609375 0.55078125 0.5517578125 0.55078125 0.5107421875 0.5361328125 0.48828125 0.5146484375 0.490234375 0.4921875 0.5283203125 0.484375 0.5673828125 0.484375 0.5986328125
2 0.576171875 0.4873046875 0.595703125 0.4501953125 0.595703125 0.4228515625 0.5830078125 0.40234375 0.5693359375 0.40234375 0.55859375 0.4130859375 0.544921875 0.4541015625 0.54296875 0.4814453125 0.5478515625 0.486328125 0.5576171875 0.48046875
2 0.322265625 0.9990234375 0.333984375 0.9892578125 0.373046875 0.9267578125 0.3828125 0.8603515625 0.376953125 0.8271484375 0.3369140625 0.802734375 0.3017578125 0.8203125 0.275390625 0.8505859375 0.21875 0.9658203125 0.212890625 0.9892578125 0.2138671875 1
2 0.060546875 0.4990234375 0.068359375 0.4794921875 0.060546875 0.4736328125 0.0615234375 0.455078125 0.052734375 0.4638671875 0.052734375 0.4990234375
2 0.158203125 0.5087890625 0.16015625 0.4775390625 0.14453125 0.4384765625 0.1357421875 0.4296875 0.1103515625 0.4375 0.107421875 0.4580078125 0.115234375 0.4697265625 0.1171875 0.4912109375 0.1240234375 0.490234375 0.1337890625 0.505859375 0.1396484375 0.501953125
2 0.099609375 0.5986328125 0.12109375 0.5888671875 0.125 0.5634765625 0.1171875 0.5283203125 0.103515625 0.5068359375 0.0927734375 0.50390625 0.07421875 0.5166015625 0.072265625 0.5498046875 0.08203125 0.5947265625
2 0.19921875 0.4853515625 0.22265625 0.4794921875 0.224609375 0.4560546875 0.2021484375 0.423828125 0.1806640625 0.421875 0.169921875 0.4365234375 0.169921875 0.4697265625
2 0.65625 0.4384765625 0.6640625 0.4248046875 0.666015625 0.3837890625 0.6533203125 0.37109375 0.6435546875 0.373046875 0.630859375 0.3935546875 0.62890625 0.4326171875
2 0.65625 0.3525390625 0.6640625 0.3427734375 0.6640625 0.3095703125 0.66015625 0.2998046875 0.6513671875 0.296875 0.63671875 0.3154296875 0.634765625 0.3505859375
6 0.501953125 0.3408203125 0.505859375 0.3291015625 0.4970703125 0.326171875 0.4921875 0.3369140625
2 0.25 0.4130859375 0.2724609375 0.40625 0.2998046875 0.408203125 0.3046875 0.4033203125 0.30859375 0.3759765625 0.3017578125 0.353515625 0.2685546875 0.357421875 0.2421875 0.3837890625 0.240234375 0.4111328125
6 0.482421875 0.3779296875 0.521484375 0.3583984375 0.521484375 0.3291015625 0.5126953125 0.314453125 0.4814453125 0.318359375 0.455078125 0.3525390625 0.455078125 0.3681640625 0.4638671875 0.37890625
2 0.693359375 0.2958984375 0.6953125 0.2705078125 0.6845703125 0.265625 0.677734375 0.2939453125
2 0.654296875 0.2763671875 0.658203125 0.2548828125 0.6474609375 0.251953125 0.640625 0.2744140625
2 0.611328125 0.2900390625 0.623046875 0.2783203125 0.6162109375 0.2578125 0.6083984375 0.2578125 0.59765625 0.2744140625 0.59765625 0.2861328125