8 0.392578125 0.8212890625 0.4345703125 0.8125 0.44140625 0.8037109375 0.443359375 0.7744140625 0.421875 0.6884765625 0.408203125 0.6806640625 0.40234375 0.6611328125 0.38671875 0.6416015625 0.3759765625 0.638671875 0.369140625 0.6708984375 0.37109375 0.7431640625 0.3515625 0.8017578125
8 0.2890625 0.8427734375 0.296875 0.8115234375 0.275390625 0.7138671875 0.2451171875 0.669921875 0.228515625 0.7197265625 0.228515625 0.7666015625 0.220703125 0.7861328125 0.22265625 0.8349609375 0.2392578125 0.83203125 0.2568359375 0.84375
8 0.1640625 0.9990234375 0.154296875 0.9443359375 0.158203125 0.9228515625 0.140625 0.8896484375 0.1181640625 0.869140625 0.103515625 0.9189453125 0.10546875 0.9599609375 0.095703125 0.9990234375
8 0.287109375 0.9990234375 0.27734375 0.9501953125 0.2734375 0.8837890625 0.244140625 0.8369140625 0.2314453125 0.83203125 0.22265625 0.8583984375 0.2265625 0.9072265625 0.212890625 0.9482421875 0.21875 0.9677734375 0.208984375 0.9853515625 0.2109375 0.9990234375
8 0.484375 0.9990234375 0.484375 0.9658203125 0.466796875 0.9072265625 0.466796875 0.8876953125 0.439453125 0.8388671875 0.4306640625 0.833984375 0.421875 0.8662109375 0.404296875 0.8740234375 0.40234375 0.8876953125 0.400390625 0.9365234375 0.41796875 0.9638671875 0.416015625 0.9931640625 0.4189453125 1
8 0.546875 0.9365234375 0.5634765625 0.923828125 0.5947265625 0.921875 0.6015625 0.8974609375 0.6015625 0.8740234375 0.5859375 0.8193359375 0.5859375 0.7841796875 0.5791015625 0.78515625 0.572265625 0.7763671875 0.5576171875 0.740234375 0.5439453125 0.75 0.5341796875 0.74609375 0.525390625 0.7568359375 0.5234375 0.8349609375 0.515625 0.8408203125 0.505859375 0.8720703125 0.505859375 0.8837890625 0.521484375 0.8994140625 0.5234375 0.9189453125 0.5419921875 0.927734375
8 0.689453125 0.9404296875 0.7216796875 0.93359375 0.73828125 0.9228515625 0.744140625 0.8837890625 0.736328125 0.8310546875 0.7265625 0.8173828125 0.720703125 0.7919921875 0.70703125 0.7802734375 0.70703125 0.7568359375 0.6845703125 0.734375 0.6748046875 0.732421875 0.66015625 0.7666015625 0.65234375 0.8056640625 0.65625 0.8408203125 0.642578125 0.8466796875 0.640625 0.8798828125 0.64453125 0.9033203125 0.6591796875 0.908203125 0.6640625 0.9228515625
8 0.333984375 0.7060546875 0.35546875 0.6943359375 0.357421875 0.6552734375 0.318359375 0.5341796875 0.3056640625 0.52734375 0.2890625 0.5595703125 0.29296875 0.5927734375 0.28515625 0.6162109375 0.29296875 0.6416015625 0.27734375 0.6650390625 0.27734375 0.6826171875 0.2939453125 0.705078125
8 0.26171875 0.5888671875 0.2763671875 0.5859375 0.28515625 0.5712890625 0.27734375 0.5029296875 0.2353515625 0.42578125 0.228515625 0.4345703125 0.224609375 0.4619140625 0.224609375 0.5185546875 0.23046875 0.5341796875 0.21875 0.5517578125 0.21875 0.5673828125 0.2294921875 0.583984375
8 0.18359375 0.6435546875 0.2197265625 0.642578125 0.228515625 0.6298828125 0.21484375 0.5361328125 0.203125 0.5263671875 0.1953125 0.5009765625 0.1884765625 0.49609375 0.181640625 0.4990234375 0.177734375 0.5126953125 0.177734375 0.5810546875 0.16796875 0.6005859375 0.166015625 0.6279296875 0.1708984375 0.640625
8 0.083984375 0.5048828125 0.0966796875 0.501953125 0.099609375 0.4951171875 0.09375 0.4365234375 0.078125 0.4013671875 0.0634765625 0.388671875 0.056640625 0.4208984375 0.060546875 0.4638671875 0.052734375 0.4755859375 0.052734375 0.4892578125 0.0615234375 0.50390625
8 0.1484375 0.5361328125 0.17578125 0.5263671875 0.18359375 0.4970703125 0.173828125 0.4423828125 0.1513671875 0.40234375 0.142578125 0.4091796875 0.13671875 0.4443359375 0.138671875 0.4892578125 0.12890625 0.5244140625 0.1298828125 0.53125
8 0.3125 0.4853515625 0.3125 0.4443359375 0.287109375 0.3759765625 0.2783203125 0.375 0.265625 0.4267578125 0.26953125 0.4501953125 0.2783203125 0.46484375
8 0.40625 0.6494140625 0.4140625 0.6220703125 0.39453125 0.5458984375 0.37890625 0.5146484375 0.3564453125 0.501953125 0.34765625 0.5322265625 0.3515625 0.5810546875 0.361328125 0.6044921875 0.380859375 0.6220703125 0.39453125 0.6474609375
8 0.384765625 0.9990234375 0.388671875 0.9521484375 0.3740234375 0.939453125 0.365234375 0.9521484375 0.361328125 0.9990234375
8 0.02734375 0.6103515625 0.0634765625 0.6015625 0.068359375 0.5771484375 0.056640625 0.5166015625 0.03515625 0.4697265625 0.03515625 0.4326171875 0.0146484375 0.416015625 0.015625 0.5322265625 0.021484375 0.5380859375 0.0234375 0.5595703125 0.01171875 0.5693359375 0.0078125 0.6044921875
8 0.21484375 0.4541015625 0.20703125 0.3896484375 0.1875 0.3408203125 0.1767578125 0.3359375 0.169921875 0.3720703125 0.177734375 0.4228515625 0.1904296875 0.44140625
8 0.115234375 0.3779296875 0.111328125 0.3310546875 0.103515625 0.3232421875 0.091796875 0.2783203125 0.0830078125 0.26953125 0.07421875 0.2783203125 0.072265625 0.3173828125 0.08203125 0.3369140625 0.091796875 0.3408203125 0.109375 0.3779296875
8 0.119140625 0.4404296875 0.109375 0.3740234375 0.09375 0.3427734375 0.0849609375 0.337890625 0.078125 0.3642578125 0.0859375 0.4150390625 0.0947265625 0.431640625 0.1064453125 0.431640625
8 0.029296875 0.3876953125 0.021484375 0.3291015625 0.009765625 0.3076171875 0.0009765625 0.302734375 0 0.3662109375
8 0.04296875 0.3408203125 0.03515625 0.2998046875 0.0009765625 0.2265625 0 0.2978515625 0.01953125 0.3232421875 0.0234375 0.3388671875
8 0.150390625 0.3330078125 0.166015625 0.3232421875 0.162109375 0.2724609375 0.1513671875 0.24609375 0.130859375 0.2646484375 0.138671875 0.3291015625
9 0.869140625 0.5302734375 0.873046875 0.5185546875 0.88671875 0.5087890625 0.8828125 0.4697265625 0.888671875 0.4267578125 0.8818359375 0.404296875 0.869140625 0.4091796875 0.865234375 0.4658203125 0.8515625 0.5087890625 0.853515625 0.5283203125
9 0.767578125 0.4072265625 0.78125 0.3955078125 0.791015625 0.3466796875 0.7890625 0.2919921875 0.7841796875 0.287109375 0.76953125 0.3486328125 0.7734375 0.3779296875 0.76171875 0.3955078125 0.76171875 0.4052734375
9 0.7421875 0.3623046875 0.751953125 0.3408203125 0.763671875 0.3330078125 0.759765625 0.2509765625 0.7548828125 0.24609375 0.740234375 0.2783203125 0.740234375 0.3056640625 0.73046875 0.3427734375 0.73046875 0.3564453125
2 0.958984375 0.1845703125 0.974609375 0.1357421875 0.9697265625 0.1015625 0.9580078125 0.109375 0.9306640625 0.109375 0.919921875 0.1201171875 0.912109375 0.1513671875 0.9150390625 0.177734375
8 0.8359375 0.2880859375 0.845703125 0.2802734375 0.857421875 0.2138671875 0.8505859375 0.189453125 0.83203125 0.2177734375 0.833984375 0.2353515625 0.822265625 0.2763671875
8 0.666015625 0.2509765625 0.6875 0.2353515625 0.689453125 0.1728515625 0.6845703125 0.162109375 0.671875 0.1728515625 0.666015625 0.2001953125 0.6640625 0.2333984375 0.658203125 0.2412109375
8 0.966796875 0.2841796875 0.97265625 0.2783203125 0.98046875 0.2373046875 0.982421875 0.2041015625 0.9755859375 0.1953125 0.962890625 0.2021484375 0.94921875 0.2666015625 0.951171875 0.2802734375