2 0.48828125 0.8369140625 0.505859375 0.8212890625 0.5078125 0.7783203125 0.4755859375 0.75 0.4287109375 0.73046875 0.41796875 0.7548828125 0.41796875 0.8056640625 0.4306640625 0.818359375 0.4521484375 0.81640625
2 0.580078125 0.8486328125 0.58203125 0.8369140625 0.5673828125 0.830078125 0.564453125 0.8427734375
2 0.384765625 0.7431640625 0.4033203125 0.724609375 0.435546875 0.7177734375 0.44140625 0.6865234375 0.4306640625 0.662109375 0.4033203125 0.65625 0.3837890625 0.662109375 0.36328125 0.6787109375 0.361328125 0.7177734375 0.373046875 0.7392578125
2 0.705078125 0.7490234375 0.716796875 0.7158203125 0.712890625 0.6904296875 0.6826171875 0.65625 0.6318359375 0.638671875 0.623046875 0.6611328125 0.623046875 0.6904296875 0.646484375 0.7060546875 0.6650390625 0.734375 0.6943359375 0.75
2 0.671875 0.6494140625 0.67578125 0.6298828125 0.6513671875 0.6015625 0.6259765625 0.587890625 0.6015625 0.5869140625 0.591796875 0.6298828125 0.6044921875 0.646484375 0.6259765625 0.650390625 0.6396484375 0.638671875
2 0.78125 0.8095703125 0.8349609375 0.80859375 0.84765625 0.7919921875 0.845703125 0.7548828125 0.8212890625 0.724609375 0.771484375 0.7373046875 0.765625 0.7880859375 0.76953125 0.8037109375
2 0.798828125 0.8740234375 0.8134765625 0.873046875 0.81640625 0.8662109375 0.81640625 0.8388671875 0.8076171875 0.822265625 0.7841796875 0.8125 0.7568359375 0.8125 0.73046875 0.8251953125 0.7265625 0.8583984375 0.7314453125 0.875
2 0.671875 0.9990234375 0.6796875 0.9794921875 0.67578125 0.9482421875 0.6376953125 0.916015625 0.6103515625 0.904296875 0.5927734375 0.90625 0.58203125 0.9306640625 0.580078125 0.9541015625 0.58984375 0.9755859375 0.6259765625 0.986328125 0.6318359375 1
2 0.603515625 0.8623046875 0.609375 0.8564453125 0.5986328125 0.84375 0.5859375 0.8466796875 0.5869140625 0.861328125
2 0.630859375 0.8720703125 0.640625 0.8603515625 0.640625 0.8349609375 0.634765625 0.8232421875 0.6005859375 0.79296875 0.5556640625 0.779296875 0.54296875 0.8330078125 0.54296875 0.8505859375 0.552734375 0.8681640625 0.5771484375 0.865234375 0.5947265625 0.873046875
2 0.83203125 0.7275390625 0.837890625 0.7001953125 0.826171875 0.6787109375 0.8017578125 0.66015625 0.7646484375 0.65234375 0.751953125 0.6845703125 0.76171875 0.7158203125 0.7802734375 0.71484375 0.8037109375 0.7265625 0.8193359375 0.72265625
2 0.99609375 0.7880859375 0.99609375 0.7666015625 0.982421875 0.7353515625 0.9482421875 0.71484375 0.9375 0.7451171875 0.935546875 0.7763671875 0.9560546875 0.78515625 0.9853515625 0.775390625
2 0.828125 0.9970703125 0.87109375 0.9365234375 0.865234375 0.9111328125 0.8525390625 0.904296875 0.833984375 0.9130859375 0.8046875 0.9658203125 0.8125 0.9873046875
2 0.91015625 0.8740234375 0.912109375 0.8505859375 0.8876953125 0.826171875 0.8564453125 0.814453125 0.84375 0.8212890625 0.833984375 0.8486328125 0.8388671875 0.873046875
6 0.666015625 0.8193359375 0.67578125 0.8037109375 0.677734375 0.7587890625 0.64453125 0.7060546875 0.6201171875 0.69140625 0.5439453125 0.66796875 0.53125 0.7138671875 0.53515625 0.7666015625 0.6279296875 0.794921875 0.6474609375 0.814453125
5 0.099609375 0.5439453125 0.123046875 0.5302734375 0.125 0.4501953125 0.1162109375 0.41796875 0.1044921875 0.419921875 0.09375 0.4306640625 0.0859375 0.5146484375 0.08984375 0.5400390625
5 0.083984375 0.4365234375 0.095703125 0.4248046875 0.09765625 0.4130859375 0.10546875 0.3408203125 0.1005859375 0.306640625 0.083984375 0.3193359375 0.072265625 0.3876953125 0.072265625 0.4287109375 0.0771484375 0.4375
5 0.158203125 0.2451171875 0.169921875 0.2373046875 0.17578125 0.2158203125 0.1728515625 0.169921875 0.154296875 0.1845703125 0.1484375 0.2001953125 0.1484375 0.2353515625 0.150390625 0.2431640625
2 0.123046875 0.2841796875 0.130859375 0.2763671875 0.134765625 0.2568359375 0.1298828125 0.23828125 0.1171875 0.2451171875 0.10546875 0.2666015625 0.10546875 0.2802734375
2 0.162109375 0.1611328125 0.173828125 0.1474609375 0.173828125 0.1259765625 0.1689453125 0.12109375 0.1630859375 0.12109375 0.15625 0.1337890625 0.154296875 0.1552734375
2 0.142578125 0.1728515625 0.15234375 0.1650390625 0.15625 0.1494140625 0.1513671875 0.11328125 0.140625 0.1181640625 0.134765625 0.1357421875 0.134765625 0.1611328125
2 0.1796875 0.1259765625 0.18359375 0.1044921875 0.1728515625 0.099609375 0.16796875 0.1181640625 0.1728515625 0.126953125
2 0.083984375 0.8251953125 0.1171875 0.7607421875 0.107421875 0.7197265625 0.0966796875 0.7109375 0.087890625 0.7138671875 0.076171875 0.7373046875 0.064453125 0.7880859375 0.06640625 0.8193359375 0.0732421875 0.826171875
2 0.009765625 0.9990234375 0.02734375 0.9580078125 0.029296875 0.9345703125 0.015625 0.9013671875 0.0009765625 0.892578125 0 0.9990234375
2 0.169921875 0.1025390625 0.1708984375 0.07421875 0.16015625 0.0830078125 0.16015625 0.1025390625
2 0.185546875 0.1005859375 0.189453125 0.0771484375 0.1826171875 0.072265625 0.173828125 0.0810546875 0.171875 0.0986328125
2 0.21875 0.0654296875 0.224609375 0.0615234375 0.2216796875 0.0390625 0.2109375 0.0478515625 0.2109375 0.0654296875
9 0.26171875 0.8759765625 0.2734375 0.8603515625 0.2734375 0.8486328125 0.267578125 0.8232421875 0.2568359375 0.814453125 0.24609375 0.8505859375 0.25390625 0.8759765625
9 0.15234375 0.7392578125 0.158203125 0.7314453125 0.1484375 0.7041015625 0.1416015625 0.701171875 0.140625 0.7275390625 0.146484375 0.7392578125
9 0.140625 0.7314453125 0.138671875 0.7080078125 0.1298828125 0.69921875 0.126953125 0.7158203125 0.134765625 0.7314453125
9 0.078125 0.7021484375 0.080078125 0.6865234375 0.0673828125 0.6640625 0.06640625 0.6865234375
9 0.521484375 0.7158203125 0.52734375 0.6845703125 0.5185546875 0.666015625 0.51171875 0.6884765625
9 0.583984375 0.6103515625 0.595703125 0.5986328125 0.5888671875 0.5625 0.580078125 0.5732421875
9 0.646484375 0.5810546875 0.64453125 0.5400390625 0.6357421875 0.52734375 0.62890625 0.5419921875 0.6328125 0.5771484375
9 0.6640625 0.5751953125 0.666015625 0.5439453125 0.6591796875 0.53515625 0.654296875 0.5693359375
9 0.623046875 0.3955078125 0.625 0.3701171875 0.6201171875 0.359375 0.6171875 0.3837890625
9 0.638671875 0.3798828125 0.640625 0.3486328125 0.6357421875 0.341796875 0.630859375 0.3623046875
9 0.673828125 0.3876953125 0.67578125 0.3642578125 0.6689453125 0.345703125 0.662109375 0.3818359375
9 0.705078125 0.3837890625 0.7109375 0.3759765625 0.7099609375 0.3359375 0.7021484375 0.341796875 0.6923828125 0.33984375 0.685546875 0.3603515625 0.6875 0.3779296875
9 0.306640625 0.2607421875 0.30859375 0.2392578125 0.3017578125 0.23046875 0.296875 0.2470703125 0.30078125 0.2607421875
9 0.7734375 0.3583984375 0.77734375 0.3271484375 0.7705078125 0.3203125 0.765625 0.3427734375
9 0.85546875 0.4248046875 0.8583984375 0.388671875 0.849609375 0.4033203125 0.849609375 0.4228515625
9 0.89453125 0.4853515625 0.89453125 0.4443359375 0.8896484375 0.443359375 0.880859375 0.4775390625
9 0.927734375 0.4755859375 0.9287109375 0.43359375 0.921875 0.4462890625 0.921875 0.4736328125
9 0.970703125 0.6103515625 0.9736328125 0.5703125 0.962890625 0.5966796875 0.962890625 0.6103515625
9 0.68359375 0.2900390625 0.6875 0.2763671875 0.6806640625 0.248046875 0.673828125 0.2900390625
9 0.767578125 0.2705078125 0.76953125 0.2431640625 0.7626953125 0.236328125 0.759765625 0.2646484375
9 0.81640625 0.3212890625 0.8173828125 0.283203125 0.810546875 0.3017578125
9 0.82421875 0.2841796875 0.8232421875 0.25 0.81640625 0.2763671875 0.818359375 0.2841796875
9 0.890625 0.3291015625 0.892578125 0.2998046875 0.8876953125 0.296875 0.8828125 0.3271484375
2 0.236328125 0.3271484375 0.248046875 0.3193359375 0.248046875 0.3017578125 0.240234375 0.2763671875 0.2275390625 0.263671875 0.21875 0.2705078125 0.21875 0.2919921875 0.2265625 0.3212890625