2 0.23828125 0.4794921875 0.25390625 0.4716796875 0.251953125 0.4404296875 0.2294921875 0.408203125 0.1982421875 0.40234375 0.189453125 0.4111328125 0.1875 0.4287109375 0.19140625 0.4677734375
2 0.150390625 0.4892578125 0.16796875 0.4814453125 0.171875 0.4638671875 0.158203125 0.4384765625 0.1416015625 0.427734375 0.123046875 0.4384765625 0.119140625 0.4716796875
2 0.095703125 0.5302734375 0.109375 0.5205078125 0.109375 0.4951171875 0.09765625 0.4619140625 0.0849609375 0.455078125 0.072265625 0.4677734375 0.072265625 0.4853515625 0.0859375 0.5302734375
2 0.068359375 0.4794921875 0.0859375 0.4521484375 0.0673828125 0.427734375 0.052734375 0.4404296875 0.05078125 0.4580078125 0.056640625 0.4755859375
2 0.11328125 0.4599609375 0.12109375 0.4306640625 0.115234375 0.4169921875 0.0986328125 0.408203125 0.083984375 0.4189453125 0.0859375 0.4482421875 0.0986328125 0.4609375
2 0.2421875 0.4150390625 0.255859375 0.3974609375 0.2451171875 0.369140625 0.2216796875 0.37109375 0.197265625 0.3955078125 0.1982421875 0.400390625 0.2255859375 0.404296875
2 0.625 0.3974609375 0.634765625 0.3779296875 0.634765625 0.3603515625 0.6279296875 0.349609375 0.6103515625 0.349609375 0.603515625 0.3623046875 0.6015625 0.3916015625 0.6044921875 0.396484375
2 0.634765625 0.3525390625 0.634765625 0.3251953125 0.6162109375 0.3203125 0.607421875 0.3310546875 0.60546875 0.3525390625 0.6142578125 0.34765625
2 0.669921875 0.3662109375 0.67578125 0.3271484375 0.6591796875 0.318359375 0.646484375 0.3349609375 0.64453125 0.3642578125
2 0.70703125 0.4072265625 0.7109375 0.3662109375 0.7041015625 0.357421875 0.6904296875 0.357421875 0.681640625 0.4013671875 0.6923828125 0.408203125
2 0.7109375 0.3466796875 0.7109375 0.3271484375 0.6962890625 0.322265625 0.69140625 0.3427734375
2 0.681640625 0.3349609375 0.68359375 0.2919921875 0.6689453125 0.287109375 0.662109375 0.3173828125 0.67578125 0.3271484375 0.6767578125 0.3359375
2 0.84765625 0.6259765625 0.857421875 0.6142578125 0.857421875 0.5244140625 0.8486328125 0.50390625 0.8232421875 0.5 0.810546875 0.5185546875 0.8125 0.5986328125 0.8251953125 0.62109375
2 0.880859375 0.9208984375 0.89453125 0.9052734375 0.89453125 0.8681640625 0.90234375 0.8408203125 0.89453125 0.7294921875 0.8701171875 0.701171875 0.8349609375 0.697265625 0.826171875 0.7119140625 0.822265625 0.7373046875 0.830078125 0.8798828125 0.8427734375 0.9140625 0.8603515625 0.921875
2 0.99609375 0.9931640625 1 0.7841796875 0.9736328125 0.77734375 0.95703125 0.7958984375 0.951171875 0.8466796875 0.9794921875 0.96875 0.984375 0.9482421875 0.982421875 0.9853515625
2 0.923828125 0.5947265625 0.923828125 0.5244140625 0.9130859375 0.505859375 0.8935546875 0.50390625 0.880859375 0.5166015625 0.880859375 0.5478515625 0.89453125 0.5869140625 0.9111328125 0.595703125
2 0.818359375 0.4345703125 0.818359375 0.3857421875 0.8095703125 0.376953125 0.7978515625 0.376953125 0.791015625 0.3837890625 0.79296875 0.4267578125
2 0.84375 0.3857421875 0.84375 0.3447265625 0.8349609375 0.3359375 0.8251953125 0.3359375 0.818359375 0.3427734375 0.8203125 0.3740234375 0.8271484375 0.3828125
2 0.8046875 0.3427734375 0.8046875 0.3134765625 0.7900390625 0.306640625 0.78515625 0.3388671875
2 0.716796875 0.3349609375 0.72265625 0.3076171875 0.7158203125 0.296875 0.7060546875 0.294921875 0.6953125 0.3193359375
2 0.69921875 0.2861328125 0.701171875 0.2587890625 0.6884765625 0.255859375 0.68359375 0.2841796875
2 0.830078125 0.3251953125 0.83203125 0.3017578125 0.8193359375 0.294921875 0.814453125 0.3193359375
2 0.818359375 0.2958984375 0.818359375 0.2724609375 0.8076171875 0.267578125 0.802734375 0.2919921875
2 0.787109375 0.2900390625 0.787109375 0.2705078125 0.7763671875 0.265625 0.771484375 0.2841796875 0.787109375 0.2900390625