2 0.0390625 0.8642578125 0.0673828125 0.857421875 0.076171875 0.8486328125 0.080078125 0.8017578125 0.0712890625 0.783203125 0.0478515625 0.787109375 0.037109375 0.8017578125 0.025390625 0.8388671875 0.03125 0.8623046875
2 0.07421875 0.7685546875 0.1015625 0.7607421875 0.103515625 0.7158203125 0.0986328125 0.708984375 0.0830078125 0.708984375 0.07421875 0.7158203125 0.06640625 0.7490234375 0.068359375 0.7685546875
2 0.29296875 0.8779296875 0.3134765625 0.876953125 0.31640625 0.8720703125 0.310546875 0.8115234375 0.3017578125 0.8046875 0.27734375 0.8173828125 0.283203125 0.8740234375
2 0.27734375 0.8076171875 0.298828125 0.8017578125 0.298828125 0.7763671875 0.2900390625 0.75390625 0.2763671875 0.75390625 0.267578125 0.7626953125 0.267578125 0.8017578125
2 0.212890625 0.6962890625 0.22265625 0.6923828125 0.224609375 0.6806640625 0.224609375 0.6572265625 0.2177734375 0.64453125 0.201171875 0.6494140625 0.1953125 0.6748046875 0.1953125 0.6943359375
2 0.220703125 0.6181640625 0.2333984375 0.6171875 0.23828125 0.6083984375 0.23828125 0.5791015625 0.2314453125 0.5703125 0.21875 0.5732421875 0.212890625 0.5908203125 0.2109375 0.6103515625
2 0.271484375 0.7568359375 0.29296875 0.7529296875 0.2880859375 0.708984375 0.2724609375 0.7109375 0.267578125 0.7177734375
2 0.26953125 0.7119140625 0.291015625 0.7060546875 0.2861328125 0.669921875 0.267578125 0.6728515625 0.263671875 0.7080078125
2 0.29296875 0.6611328125 0.296875 0.6259765625 0.2802734375 0.62109375 0.2734375 0.6298828125 0.2734375 0.6591796875
2 0.302734375 0.6123046875 0.3046875 0.5830078125 0.2939453125 0.576171875 0.283203125 0.5869140625 0.28125 0.6044921875 0.2841796875 0.61328125
6 0.345703125 0.9990234375 0.330078125 0.8916015625 0.3251953125 0.884765625 0.2998046875 0.888671875 0.2890625 0.9111328125 0.298828125 0.9951171875 0.3017578125 1
6 0.291015625 0.4501953125 0.298828125 0.4423828125 0.296875 0.4111328125 0.2919921875 0.408203125 0.283203125 0.4111328125 0.27734375 0.4267578125 0.27734375 0.4482421875
2 0.052734375 0.9990234375 0.052734375 0.9306640625 0.0419921875 0.923828125 0.0126953125 0.927734375 0.005859375 0.9384765625 0 0.9990234375
2 0.283203125 0.5849609375 0.30078125 0.5751953125 0.2958984375 0.546875 0.28125 0.5498046875 0.27734375 0.5732421875
2 0.30859375 0.5595703125 0.3125 0.5380859375 0.3056640625 0.52734375 0.2978515625 0.52734375 0.29296875 0.5458984375 0.3017578125 0.560546875
2 0.314453125 0.5322265625 0.31640625 0.5126953125 0.3017578125 0.5078125 0.296875 0.5244140625
2 0.326171875 0.5009765625 0.330078125 0.4775390625 0.3193359375 0.47265625 0.310546875 0.4931640625 0.3134765625 0.501953125
2 0.34375 0.4619140625 0.34765625 0.4404296875 0.3369140625 0.435546875 0.330078125 0.4423828125 0.330078125 0.4599609375
2 0.34765625 0.4404296875 0.3515625 0.4208984375 0.3466796875 0.412109375 0.3388671875 0.412109375 0.333984375 0.4365234375
2 0.37109375 0.4951171875 0.369140625 0.4716796875 0.3603515625 0.46875 0.35546875 0.4931640625
2 0.3671875 0.4677734375 0.37109375 0.4501953125 0.3623046875 0.439453125 0.35546875 0.4482421875 0.35546875 0.4638671875
2 0.376953125 0.4482421875 0.37890625 0.4306640625 0.3681640625 0.423828125 0.36328125 0.4365234375 0.3720703125 0.44921875
2 0.380859375 0.4287109375 0.384765625 0.4111328125 0.3740234375 0.40625 0.37109375 0.4228515625
2 0.365234375 0.3955078125 0.365234375 0.3818359375 0.3564453125 0.376953125 0.353515625 0.3955078125
1 0.375 0.4033203125 0.384765625 0.3935546875 0.3779296875 0.375 0.369140625 0.3798828125 0.369140625 0.3994140625
1 0.51171875 0.8876953125 0.515625 0.8447265625 0.5068359375 0.83203125 0.501953125 0.8818359375 0.51171875 0.8876953125