2 0.33203125 0.4501953125 0.3427734375 0.416015625 0.3681640625 0.40625 0.3857421875 0.419921875 0.396484375 0.3896484375 0.39453125 0.3564453125 0.3544921875 0.326171875 0.3232421875 0.328125 0.2666015625 0.34765625 0.255859375 0.3857421875 0.2607421875 0.431640625 0.3095703125 0.435546875 0.3212890625 0.451171875
2 0.451171875 0.2822265625 0.505859375 0.2705078125 0.505859375 0.2412109375 0.4931640625 0.224609375 0.44140625 0.2255859375 0.435546875 0.2646484375 0.443359375 0.2822265625
2 0.60546875 0.2392578125 0.6181640625 0.234375 0.625 0.2216796875 0.6123046875 0.19140625 0.607421875 0.1923828125 0.6123046875 0.19921875 0.5927734375 0.193359375 0.576171875 0.2177734375 0.5791015625 0.236328125
8 0.19140625 0.7333984375 0.1875 0.6748046875 0.2109375 0.6416015625 0.2109375 0.5947265625 0.19921875 0.5576171875 0.1865234375 0.55078125 0.17578125 0.6064453125 0.17578125 0.6298828125 0.18359375 0.6376953125 0.18359375 0.6474609375 0.177734375 0.6533203125 0.173828125 0.6865234375 0.181640625 0.7158203125 0.177734375 0.7314453125
7 0.171875 0.7080078125 0.173828125 0.6630859375 0.18359375 0.6416015625 0.173828125 0.6298828125 0.17578125 0.6123046875 0.1669921875 0.603515625 0.154296875 0.6318359375 0.146484375 0.6806640625 0.15234375 0.7001953125
7 0.2265625 0.7275390625 0.236328125 0.7080078125 0.232421875 0.6572265625 0.2255859375 0.64453125 0.2119140625 0.638671875 0.189453125 0.6572265625 0.1875 0.7119140625 0.1962890625 0.72265625
8 0.0390625 0.4755859375 0.05859375 0.4208984375 0.056640625 0.4013671875 0.0419921875 0.373046875 0.029296875 0.3818359375 0.025390625 0.4033203125 0.02734375 0.4638671875 0.029296875 0.4736328125
7 0.052734375 0.4697265625 0.076171875 0.4580078125 0.0732421875 0.41796875 0.052734375 0.4267578125 0.046875 0.4482421875 0.046875 0.4697265625
7 0.017578125 0.4931640625 0.029296875 0.4775390625 0.0224609375 0.416015625 0.013671875 0.4228515625 0.001953125 0.4638671875 0.00390625 0.4892578125
8 0.42578125 0.7978515625 0.4453125 0.7880859375 0.44140625 0.7275390625 0.431640625 0.7177734375 0.4306640625 0.701171875 0.40625 0.6982421875 0.41015625 0.6650390625 0.400390625 0.6142578125 0.3916015625 0.607421875 0.380859375 0.6201171875 0.376953125 0.6552734375 0.3583984375 0.658203125 0.357421875 0.6689453125 0.33984375 0.6865234375 0.33203125 0.7529296875 0.3466796875 0.767578125 0.3671875 0.7529296875 0.37109375 0.7880859375 0.365234375 0.7900390625 0.3662109375 0.796875 0.3720703125 0.796875 0.376953125 0.7802734375 0.3857421875 0.77734375 0.4013671875 0.791015625
8 0.625 0.7275390625 0.6328125 0.7255859375 0.6416015625 0.708984375 0.6708984375 0.705078125 0.6796875 0.6982421875 0.68359375 0.6630859375 0.67578125 0.6416015625 0.677734375 0.6181640625 0.6689453125 0.607421875 0.662109375 0.6142578125 0.6640625 0.6474609375 0.65625 0.6767578125 0.6416015625 0.6875 0.6201171875 0.685546875 0.615234375 0.6923828125
8 0.736328125 0.9521484375 0.748046875 0.9404296875 0.755859375 0.9169921875 0.7880859375 0.900390625 0.802734375 0.8818359375 0.798828125 0.7998046875 0.7841796875 0.783203125 0.7724609375 0.783203125 0.765625 0.7939453125 0.7734375 0.8447265625 0.7626953125 0.859375 0.748046875 0.8623046875 0.748046875 0.8759765625 0.75390625 0.8818359375 0.7421875 0.8857421875 0.736328125 0.9306640625 0.728515625 0.9443359375
7 0.505859375 0.9990234375 0.509765625 0.9248046875 0.5009765625 0.9140625 0.470703125 0.9306640625 0.46484375 0.9697265625 0.4755859375 0.9921875
7 0.60546875 0.9990234375 0.595703125 0.9716796875 0.5966796875 0.927734375 0.5654296875 0.923828125 0.5517578125 0.943359375 0.525390625 0.9521484375 0.5263671875 1
7 0.80859375 0.9912109375 0.8203125 0.9853515625 0.828125 0.9560546875 0.8212890625 0.888671875 0.8056640625 0.884765625 0.7841796875 0.904296875 0.7587890625 0.9140625 0.7373046875 0.955078125 0.7265625 0.9501953125 0.7265625 0.9423828125 0.734375 0.9345703125 0.740234375 0.8818359375 0.7080078125 0.87890625 0.6953125 0.8896484375 0.685546875 0.9287109375 0.6962890625 0.955078125 0.7373046875 0.95703125 0.7587890625 0.974609375
7 0.701171875 0.8779296875 0.7421875 0.8251953125 0.740234375 0.8056640625 0.73046875 0.7939453125 0.736328125 0.7607421875 0.7275390625 0.755859375 0.69921875 0.7822265625 0.677734375 0.8271484375 0.677734375 0.8623046875 0.6884765625 0.876953125
8 0.76171875 0.7197265625 0.763671875 0.7060546875 0.7490234375 0.703125 0.7421875 0.7197265625
8 0.759765625 0.8251953125 0.767578125 0.8212890625 0.765625 0.7939453125 0.7734375 0.7763671875 0.76953125 0.7451171875 0.7451171875 0.740234375 0.732421875 0.7548828125 0.73046875 0.7939453125 0.748046875 0.8251953125
8 0.57421875 0.8369140625 0.587890625 0.8037109375 0.5859375 0.7724609375 0.578125 0.7158203125 0.5654296875 0.705078125 0.55078125 0.7177734375 0.55859375 0.7529296875 0.546875 0.7958984375 0.568359375 0.8134765625
8 0.64453125 0.6845703125 0.658203125 0.6689453125 0.658203125 0.6103515625 0.6494140625 0.599609375 0.6328125 0.6044921875 0.638671875 0.6435546875 0.6328125 0.6650390625 0.623046875 0.6748046875 0.6279296875 0.68359375
8 0.525390625 0.9990234375 0.5234375 0.9521484375 0.5498046875 0.943359375 0.564453125 0.9208984375 0.56640625 0.8759765625 0.5615234375 0.86328125 0.5322265625 0.8671875 0.51953125 0.8759765625 0.517578125 0.9208984375 0.505859375 0.9384765625 0.5078125 0.9990234375
8 0.62109375 0.4736328125 0.6328125 0.4482421875 0.6328125 0.4345703125 0.625 0.4248046875 0.62890625 0.3837890625 0.6240234375 0.36328125 0.615234375 0.3662109375 0.6123046875 0.37890625 0.6015625 0.3798828125 0.58984375 0.4267578125 0.59375 0.4560546875
8 0.5078125 0.3740234375 0.517578125 0.3408203125 0.517578125 0.3076171875 0.5107421875 0.283203125 0.50390625 0.2861328125 0.494140625 0.3349609375 0.498046875 0.3740234375
8 0.595703125 0.3935546875 0.61328125 0.3427734375 0.6044921875 0.306640625 0.58984375 0.3330078125 0.58984375 0.3876953125
8 0.6640625 0.3916015625 0.67578125 0.3232421875 0.6689453125 0.298828125 0.650390625 0.3330078125 0.650390625 0.3740234375 0.654296875 0.3857421875
8 0.703125 0.4658203125 0.71875 0.4404296875 0.720703125 0.4228515625 0.712890625 0.4150390625 0.7099609375 0.365234375 0.69921875 0.3681640625 0.69921875 0.3837890625 0.6875 0.3935546875 0.6796875 0.4267578125 0.681640625 0.4462890625
8 0.884765625 0.7275390625 0.884765625 0.6845703125 0.8984375 0.6630859375 0.896484375 0.6513671875 0.904296875 0.6435546875 0.908203125 0.6220703125 0.90625 0.5771484375 0.9013671875 0.5703125 0.884765625 0.5771484375 0.890625 0.5966796875 0.8828125 0.6318359375 0.884765625 0.6513671875 0.8798828125 0.658203125 0.8720703125 0.654296875 0.8671875 0.6669921875 0.8671875 0.6982421875 0.876953125 0.7080078125 0.87890625 0.7255859375
8 0.88671875 0.7255859375 0.89453125 0.7216796875 0.890625 0.6787109375 0.9130859375 0.671875 0.9130859375 0.662109375 0.9287109375 0.6640625 0.9541015625 0.681640625 0.9658203125 0.6796875 0.9755859375 0.666015625 1 0.6669921875 1 0.5556640625 0.984375 0.5478515625 0.986328125 0.5126953125 0.9794921875 0.48828125 0.970703125 0.4912109375 0.970703125 0.5107421875 0.9619140625 0.521484375 0.9443359375 0.5078125 0.93359375 0.5107421875 0.908203125 0.5673828125 0.88671875 0.5751953125 0.88671875 0.6142578125 0.8681640625 0.619140625 0.83984375 0.6591796875 0.83203125 0.6826171875 0.8359375 0.6962890625 0.8583984375 0.705078125 0.8623046875 0.689453125 0.87109375 0.7177734375 0.8740234375 0.720703125 0.8759765625 0.712890625 0.876953125 0.7236328125
8 0.77734375 0.6162109375 0.78515625 0.5869140625 0.8056640625 0.580078125 0.810546875 0.5712890625 0.810546875 0.5419921875 0.81640625 0.5302734375 0.8076171875 0.51953125 0.796875 0.5224609375 0.771484375 0.5693359375 0.771484375 0.6025390625 0.765625 0.6123046875
8 0.763671875 0.5400390625 0.76953125 0.5341796875 0.767578125 0.5087890625 0.78125 0.4951171875 0.77734375 0.4404296875 0.7724609375 0.435546875 0.763671875 0.4404296875 0.759765625 0.4599609375 0.75 0.4580078125 0.734375 0.4931640625 0.7421875 0.5322265625 0.7548828125 0.541015625
8 0.724609375 0.5126953125 0.73046875 0.4716796875 0.7265625 0.4501953125 0.7177734375 0.44140625 0.7109375 0.4501953125 0.70703125 0.4892578125 0.71484375 0.5087890625