2 0.41796875 0.7333984375 0.435546875 0.7216796875 0.451171875 0.6767578125 0.4775390625 0.654296875 0.5205078125 0.6484375 0.5400390625 0.669921875 0.5556640625 0.669921875 0.56640625 0.6572265625 0.568359375 0.6396484375 0.583984375 0.6123046875 0.580078125 0.5673828125 0.5595703125 0.54296875 0.5263671875 0.525390625 0.4970703125 0.5234375 0.4580078125 0.49609375 0.4345703125 0.49609375 0.3486328125 0.529296875 0.341796875 0.5361328125 0.34375 0.5458984375 0.328125 0.5849609375 0.326171875 0.6357421875 0.3359375 0.6650390625 0.3701171875 0.70703125 0.3896484375 0.712890625 0.4033203125 0.73046875
2 0.2734375 0.4599609375 0.2802734375 0.443359375 0.3095703125 0.42578125 0.3232421875 0.419921875 0.3349609375 0.42578125 0.34375 0.4228515625 0.34765625 0.3740234375 0.3349609375 0.353515625 0.3212890625 0.3515625 0.2880859375 0.33203125 0.2626953125 0.330078125 0.2451171875 0.333984375 0.2109375 0.3544921875 0.19921875 0.3994140625 0.19921875 0.4345703125 0.2060546875 0.443359375 0.2607421875 0.4609375
2 0.58203125 0.4677734375 0.623046875 0.4267578125 0.623046875 0.3759765625 0.6171875 0.3544921875 0.6103515625 0.345703125 0.5888671875 0.341796875 0.5751953125 0.341796875 0.552734375 0.3583984375 0.537109375 0.3779296875 0.5390625 0.3916015625 0.52734375 0.4111328125 0.5390625 0.4580078125 0.5654296875 0.46875
2 0.34375 0.3564453125 0.3544921875 0.341796875 0.3916015625 0.3359375 0.3984375 0.3251953125 0.396484375 0.2958984375 0.3544921875 0.2734375 0.3212890625 0.27734375 0.2890625 0.3076171875 0.28515625 0.3212890625 0.2900390625 0.33203125
2 0.8203125 0.5615234375 0.8310546875 0.53515625 0.8681640625 0.521484375 0.8798828125 0.533203125 0.884765625 0.5302734375 0.89453125 0.5048828125 0.89453125 0.4736328125 0.8857421875 0.455078125 0.8583984375 0.4296875 0.8349609375 0.41796875 0.7783203125 0.41796875 0.765625 0.4267578125 0.75390625 0.4501953125 0.744140625 0.5166015625 0.7607421875 0.5390625 0.7861328125 0.541015625
2 0.9609375 0.4873046875 1 0.4833984375 1 0.4013671875 0.9541015625 0.396484375 0.9287109375 0.38671875 0.9140625 0.4091796875 0.916015625 0.4228515625 0.90625 0.4501953125 0.9228515625 0.4765625 0.9482421875 0.48828125
8 0.607421875 0.3173828125 0.611328125 0.2548828125 0.6044921875 0.2421875 0.58984375 0.2802734375 0.58984375 0.3173828125
8 0.638671875 0.3095703125 0.64453125 0.2802734375 0.6376953125 0.271484375 0.623046875 0.2822265625 0.619140625 0.3076171875
7 0.111328125 0.8486328125 0.1630859375 0.81640625 0.1826171875 0.810546875 0.20703125 0.7841796875 0.203125 0.7490234375 0.1630859375 0.697265625 0.154296875 0.7001953125 0.169921875 0.7197265625 0.166015625 0.7373046875 0.171875 0.7685546875 0.1650390625 0.802734375 0.154296875 0.7958984375 0.1552734375 0.765625 0.1318359375 0.763671875 0.1220703125 0.751953125 0.1025390625 0.75390625 0.09375 0.7626953125 0.087890625 0.7880859375 0.08984375 0.8330078125 0.1005859375 0.84765625
8 0.140625 0.7607421875 0.15234375 0.7490234375 0.146484375 0.7060546875 0.138671875 0.6943359375 0.14453125 0.6552734375 0.1279296875 0.650390625 0.1171875 0.6650390625 0.119140625 0.7314453125 0.126953125 0.7587890625
8 0.1328125 0.4228515625 0.162109375 0.4033203125 0.171875 0.3818359375 0.162109375 0.3505859375 0.150390625 0.3447265625 0.1455078125 0.32421875 0.13671875 0.3271484375 0.130859375 0.3701171875 0.12109375 0.3916015625 0.12109375 0.4130859375
8 0.53125 0.5224609375 0.53515625 0.4599609375 0.525390625 0.4130859375 0.5185546875 0.41015625 0.49609375 0.4580078125 0.5 0.4736328125 0.4921875 0.4912109375 0.4921875 0.5126953125 0.4970703125 0.521484375
8 0.6484375 0.4560546875 0.662109375 0.4501953125 0.66796875 0.4208984375 0.66796875 0.3642578125 0.6611328125 0.341796875 0.642578125 0.3720703125 0.642578125 0.4521484375
8 0.876953125 0.4462890625 0.884765625 0.4248046875 0.869140625 0.3779296875 0.869140625 0.3603515625 0.8623046875 0.357421875 0.83984375 0.4169921875
8 0.119140625 0.2529296875 0.11328125 0.2177734375 0.1044921875 0.21484375 0.099609375 0.2236328125 0.1015625 0.2470703125
8 0.18359375 0.2294921875 0.177734375 0.2119140625 0.1796875 0.1845703125 0.1689453125 0.17578125 0.162109375 0.1884765625 0.166015625 0.2255859375 0.1689453125 0.23046875
5 0.13671875 0.2197265625 0.146484375 0.2060546875 0.146484375 0.1806640625 0.140625 0.1689453125 0.1201171875 0.15625 0.0869140625 0.154296875 0.087890625 0.1962890625 0.0986328125 0.19921875 0.1201171875 0.220703125
8 0.5390625 0.2431640625 0.5546875 0.2412109375 0.5419921875 0.19140625 0.53125 0.2177734375 0.53125 0.2412109375
2 0.65234375 0.0732421875 0.66015625 0.0654296875 0.66015625 0.0498046875 0.6259765625 0.044921875 0.623046875 0.0693359375