2 0.216796875 0.5732421875 0.240234375 0.5302734375 0.2548828125 0.525390625 0.26171875 0.5146484375 0.26171875 0.4462890625 0.255859375 0.4228515625 0.2470703125 0.416015625 0.2177734375 0.416015625 0.2041015625 0.42578125 0.1640625 0.4833984375 0.154296875 0.5458984375 0.16015625 0.5654296875 0.1748046875 0.572265625
2 0.1171875 0.4912109375 0.125 0.4599609375 0.0947265625 0.45703125 0.078125 0.4853515625
6 0.0078125 0.6298828125 0.033203125 0.6220703125 0.04296875 0.5830078125 0.0390625 0.5224609375 0.03125 0.4990234375 0.0166015625 0.490234375 0.001953125 0.4912109375 0 0.6298828125
8 0.453125 0.5068359375 0.462890625 0.4873046875 0.46484375 0.4501953125 0.4521484375 0.421875 0.44140625 0.4404296875 0.4375 0.4677734375 0.443359375 0.4970703125
2 0.87109375 0.5400390625 0.9033203125 0.529296875 0.912109375 0.5166015625 0.900390625 0.4599609375 0.8642578125 0.443359375 0.8154296875 0.45703125 0.81640625 0.5126953125 0.8603515625 0.541015625
9 0.955078125 0.9619140625 0.966796875 0.9541015625 0.9609375 0.9248046875 0.97265625 0.9091796875 0.98046875 0.8642578125 0.98046875 0.8408203125 0.97265625 0.8271484375 0.974609375 0.8076171875 0.9697265625 0.80078125 0.9609375 0.8056640625 0.95703125 0.8525390625 0.9453125 0.8857421875 0.951171875 0.9033203125 0.94921875 0.9501953125
13 0.482421875 0.6591796875 0.482421875 0.5986328125 0.4599609375 0.595703125 0.45703125 0.6064453125 0.466796875 0.6220703125 0.458984375 0.6259765625 0.45703125 0.6396484375 0.4697265625 0.658203125
13 0.109375 0.7958984375 0.103515625 0.6083984375 0.115234375 0.6044921875 0.115234375 0.5751953125 0.12109375 0.5654296875 0.115234375 0.5615234375 0.11328125 0.5185546875 0.0908203125 0.515625 0.07421875 0.5419921875 0.080078125 0.5517578125 0.07421875 0.5576171875 0.07421875 0.5732421875 0.08984375 0.5849609375 0.095703125 0.6083984375 0.1015625 0.7763671875 0.103515625 0.7939453125
13 0.765625 0.9990234375 0.771484375 0.9951171875 0.78515625 0.8779296875 0.7822265625 0.802734375 0.775390625 0.8037109375 0.763671875 0.9150390625 0.759765625 0.9951171875
13 0.78125 0.7802734375 0.7919921875 0.76953125 0.7998046875 0.771484375 0.806640625 0.7587890625 0.8203125 0.7509765625 0.8203125 0.7392578125 0.80859375 0.7275390625 0.822265625 0.7197265625 0.822265625 0.7021484375 0.8125 0.6943359375 0.826171875 0.6845703125 0.826171875 0.6708984375 0.8125 0.6630859375 0.810546875 0.6494140625 0.8017578125 0.65234375 0.798828125 0.6474609375 0.810546875 0.5888671875 0.8037109375 0.482421875 0.783203125 0.6748046875 0.77734375 0.7783203125
11 0.5390625 0.3798828125 0.5244140625 0.337890625 0.51171875 0.3779296875