8 0.482421875 0.9951171875 0.5068359375 0.9921875 0.5205078125 0.982421875 0.5556640625 0.986328125 0.572265625 0.9677734375 0.57421875 0.9345703125 0.568359375 0.9072265625 0.583984375 0.8818359375 0.58203125 0.8505859375 0.57421875 0.8291015625 0.560546875 0.8232421875 0.55078125 0.7919921875 0.5380859375 0.783203125 0.529296875 0.7880859375 0.5244140625 0.802734375 0.5126953125 0.796875 0.5 0.8056640625 0.498046875 0.8349609375 0.46875 0.8544921875 0.4453125 0.8935546875 0.439453125 0.9228515625 0.42578125 0.9365234375 0.427734375 0.9814453125 0.4365234375 0.990234375 0.4619140625 0.986328125
8 0.244140625 0.9990234375 0.248046875 0.9794921875 0.220703125 0.8720703125 0.2099609375 0.861328125 0.2021484375 0.861328125 0.1943359375 0.869140625 0.1669921875 0.873046875 0.15234375 0.8955078125 0.138671875 0.9462890625 0.126953125 0.9599609375 0.1171875 0.9873046875 0.103515625 0.9990234375
8 0.748046875 0.9990234375 0.74609375 0.9130859375 0.7373046875 0.900390625 0.7255859375 0.900390625 0.720703125 0.9052734375 0.720703125 0.9267578125 0.677734375 0.9482421875 0.673828125 0.9716796875 0.6640625 0.9794921875 0.66015625 0.9970703125 0.6923828125 1 0.6953125 0.9619140625 0.7080078125 0.95703125 0.7109375 0.9658203125 0.703125 0.9990234375
7 0.583984375 0.5693359375 0.595703125 0.5615234375 0.599609375 0.5244140625 0.611328125 0.4970703125 0.6064453125 0.47265625 0.59765625 0.4755859375 0.580078125 0.5009765625 0.56640625 0.5361328125 0.5703125 0.5673828125
7 0.650390625 0.5927734375 0.66015625 0.5771484375 0.666015625 0.5341796875 0.6552734375 0.517578125 0.6396484375 0.513671875 0.61328125 0.5322265625 0.607421875 0.5712890625 0.6259765625 0.578125 0.6376953125 0.59375
8 0.4609375 0.3916015625 0.46875 0.3759765625 0.47265625 0.3173828125 0.4619140625 0.267578125 0.44140625 0.3017578125 0.44140625 0.3330078125 0.435546875 0.3466796875 0.44140625 0.3837890625
8 0.533203125 0.4013671875 0.544921875 0.3818359375 0.5361328125 0.3046875 0.513671875 0.3134765625 0.50390625 0.3447265625 0.5078125 0.3837890625
8 0.58984375 0.4833984375 0.61328125 0.4345703125 0.60546875 0.4326171875 0.6044921875 0.421875 0.59375 0.4228515625 0.59375 0.3837890625 0.5859375 0.3837890625 0.59375 0.3740234375 0.5908203125 0.361328125 0.587890625 0.3740234375 0.5810546875 0.375 0.564453125 0.3974609375 0.544921875 0.4560546875 0.5517578125 0.474609375 0.5673828125 0.47265625
8 0.3984375 0.2529296875 0.404296875 0.1728515625 0.3974609375 0.15234375 0.38671875 0.1748046875 0.3828125 0.2021484375 0.38671875 0.2412109375 0.390625 0.2509765625
8 0.5234375 0.2802734375 0.541015625 0.2646484375 0.544921875 0.2470703125 0.5380859375 0.212890625 0.51953125 0.2392578125 0.517578125 0.2783203125
8 0.517578125 0.2431640625 0.52734375 0.2255859375 0.529296875 0.1767578125 0.5244140625 0.16015625 0.517578125 0.1630859375 0.5078125 0.1845703125 0.509765625 0.2314453125
8 0.48046875 0.2197265625 0.490234375 0.1611328125 0.4853515625 0.130859375 0.474609375 0.1416015625 0.470703125 0.1826171875 0.47265625 0.2177734375
8 0.5859375 0.2509765625 0.591796875 0.1767578125 0.5830078125 0.150390625 0.5703125 0.1767578125 0.5703125 0.2216796875 0.57421875 0.2470703125
8 0.611328125 0.4228515625 0.626953125 0.3759765625 0.625 0.3505859375 0.634765625 0.3251953125 0.640625 0.3251953125 0.6328125 0.3017578125 0.623046875 0.2978515625 0.6162109375 0.28125 0.607421875 0.2841796875 0.60546875 0.3017578125 0.587890625 0.3173828125 0.580078125 0.3544921875 0.5830078125 0.36328125 0.5908203125 0.359375 0.59765625 0.3681640625 0.60546875 0.3935546875 0.60546875 0.4208984375
8 0.7421875 0.5556640625 0.7783203125 0.52734375 0.7998046875 0.541015625 0.8095703125 0.537109375 0.8203125 0.5185546875 0.8203125 0.4775390625 0.8095703125 0.462890625 0.779296875 0.4501953125 0.7890625 0.4208984375 0.7978515625 0.419921875 0.796875 0.4150390625 0.7861328125 0.404296875 0.78515625 0.4150390625 0.7763671875 0.4140625 0.7646484375 0.3984375 0.7412109375 0.384765625 0.7216796875 0.390625 0.71875 0.3779296875 0.724609375 0.3662109375 0.7158203125 0.359375 0.70703125 0.3701171875 0.71484375 0.3818359375 0.7109375 0.4033203125 0.6953125 0.4228515625 0.693359375 0.4462890625 0.671875 0.4775390625 0.662109375 0.5224609375 0.6708984375 0.5390625 0.7080078125 0.541015625 0.7314453125 0.556640625
8 0.91796875 0.5029296875 0.9423828125 0.48828125 0.951171875 0.4736328125 0.94921875 0.4013671875 0.9423828125 0.375 0.9296875 0.3798828125 0.927734375 0.3994140625 0.9169921875 0.400390625 0.89453125 0.4306640625 0.892578125 0.4501953125 0.904296875 0.4853515625
8 0.666015625 0.2919921875 0.669921875 0.2568359375 0.6591796875 0.2265625 0.64453125 0.2490234375 0.64453125 0.2607421875 0.654296875 0.2861328125