2 0.47265625 0.6357421875 0.4951171875 0.6171875 0.5693359375 0.609375 0.5908203125 0.61328125 0.611328125 0.5908203125 0.61328125 0.5673828125 0.60546875 0.5361328125 0.5458984375 0.478515625 0.4638671875 0.48046875 0.4345703125 0.486328125 0.423828125 0.4951171875 0.421875 0.5947265625 0.4296875 0.6123046875 0.4560546875 0.634765625
9 0.72265625 0.6865234375 0.7265625 0.6689453125 0.734375 0.6669921875 0.736328125 0.6298828125 0.7421875 0.6181640625 0.7353515625 0.57421875 0.7265625 0.5771484375 0.716796875 0.6103515625 0.716796875 0.6220703125 0.72265625 0.6240234375 0.72265625 0.6533203125 0.712890625 0.6865234375
9 0.14453125 0.8369140625 0.150390625 0.7861328125 0.13671875 0.7197265625 0.138671875 0.7001953125 0.1279296875 0.69140625 0.123046875 0.7490234375 0.130859375 0.7919921875 0.12890625 0.8330078125
9 0.185546875 0.7880859375 0.18359375 0.7744140625 0.1943359375 0.751953125 0.197265625 0.7744140625 0.2109375 0.7724609375 0.203125 0.7568359375 0.19921875 0.6943359375 0.19140625 0.6708984375 0.1953125 0.6494140625 0.1904296875 0.64453125 0.18359375 0.6494140625 0.177734375 0.6708984375 0.177734375 0.7119140625 0.185546875 0.7470703125 0.173828125 0.7763671875 0.173828125 0.7841796875
9 0.3359375 0.8291015625 0.33984375 0.8232421875 0.3310546875 0.806640625 0.326171875 0.8251953125
9 0.373046875 0.7080078125 0.37890625 0.6669921875 0.37109375 0.6201171875 0.375 0.5927734375 0.3681640625 0.5859375 0.359375 0.6083984375 0.357421875 0.6982421875 0.3603515625 0.705078125
9 0.916015625 0.6103515625 0.92578125 0.6005859375 0.93359375 0.5771484375 0.9287109375 0.517578125 0.919921875 0.5224609375 0.912109375 0.5576171875 0.908203125 0.6064453125
9 0.962890625 0.6513671875 0.9638671875 0.548828125 0.953125 0.5576171875 0.9296875 0.6240234375 0.9365234375 0.650390625
9 0.892578125 0.6220703125 0.8974609375 0.609375 0.90625 0.6103515625 0.90234375 0.5810546875 0.912109375 0.5654296875 0.9091796875 0.525390625 0.900390625 0.5283203125 0.892578125 0.5498046875 0.892578125 0.5986328125 0.884765625 0.6162109375
9 0.818359375 0.4619140625 0.82421875 0.4580078125 0.82421875 0.4326171875 0.83203125 0.4169921875 0.83203125 0.3955078125 0.8251953125 0.38671875 0.818359375 0.3896484375 0.814453125 0.4052734375
10 0.50390625 0.4775390625 0.505859375 0.4248046875 0.4990234375 0.41796875 0.4921875 0.4658203125 0.494140625 0.4755859375
10 0.529296875 0.4541015625 0.533203125 0.4228515625 0.5244140625 0.400390625 0.517578125 0.4326171875 0.521484375 0.4521484375
9 0.232421875 0.5458984375 0.240234375 0.5322265625 0.234375 0.4755859375 0.2275390625 0.4609375 0.22265625 0.5224609375 0.224609375 0.5419921875
2 0.888671875 0.4033203125 0.89453125 0.3896484375 0.8916015625 0.375 0.8740234375 0.37890625 0.8671875 0.3876953125 0.8720703125 0.400390625
2 0.9609375 0.4169921875 0.974609375 0.4052734375 0.970703125 0.3837890625 0.9580078125 0.369140625 0.9345703125 0.361328125 0.90234375 0.3662109375 0.9033203125 0.408203125 0.9306640625 0.41796875
9 0.697265625 0.6396484375 0.7021484375 0.60546875 0.71484375 0.6318359375 0.7119140625 0.52734375 0.697265625 0.5517578125 0.689453125 0.6279296875 0.69140625 0.6396484375
9 0.724609375 0.5849609375 0.736328125 0.5712890625 0.7333984375 0.541015625 0.720703125 0.5576171875
9 0.30859375 0.8349609375 0.30859375 0.8232421875 0.3212890625 0.80859375 0.326171875 0.8095703125 0.326171875 0.8271484375 0.33984375 0.8271484375 0.328125 0.7294921875 0.33203125 0.7119140625 0.3251953125 0.69921875 0.314453125 0.7080078125 0.310546875 0.7236328125 0.314453125 0.7880859375 0.302734375 0.8173828125
9 0.755859375 0.7099609375 0.76171875 0.6220703125 0.759765625 0.6064453125 0.7529296875 0.6015625 0.7421875 0.6201171875 0.7421875 0.6728515625 0.732421875 0.6982421875 0.7470703125 0.689453125 0.748046875 0.7080078125