13 0.4921875 0.9130859375 0.5 0.8837890625 0.49609375 0.7744140625 0.4892578125 0.75 0.474609375 0.7666015625 0.4765625 0.7802734375 0.4609375 0.7939453125 0.46875 0.8115234375 0.478515625 0.8154296875 0.462890625 0.8271484375 0.470703125 0.8486328125 0.478515625 0.8525390625 0.46484375 0.8642578125
13 0.177734375 0.6025390625 0.18359375 0.5947265625 0.18359375 0.5712890625 0.1796875 0.5615234375 0.1708984375 0.55859375 0.169921875 0.5908203125
13 0.171875 0.6396484375 0.1640625 0.5634765625 0.1591796875 0.5625 0.15234375 0.5654296875 0.14453125 0.5849609375 0.15234375 0.5908203125 0.154296875 0.6298828125 0.1630859375 0.640625
13 0.33984375 0.3486328125 0.34375 0.3408203125 0.32421875 0.2626953125 0.3115234375 0.240234375 0.30078125 0.2451171875 0.30078125 0.2568359375 0.2890625 0.2685546875 0.306640625 0.2861328125 0.296875 0.3037109375 0.31640625 0.3154296875 0.30859375 0.3310546875 0.310546875 0.3408203125
2 0.51171875 0.7470703125 0.52734375 0.7255859375 0.52734375 0.7080078125 0.51953125 0.6865234375 0.5009765625 0.67578125 0.498046875 0.7412109375
2 0.43359375 0.8017578125 0.4541015625 0.775390625 0.4716796875 0.767578125 0.4921875 0.7470703125 0.490234375 0.6884765625 0.4814453125 0.666015625 0.4345703125 0.662109375 0.4052734375 0.6796875 0.380859375 0.7138671875 0.376953125 0.7705078125 0.4091796875 0.794921875
2 0.41015625 0.5517578125 0.443359375 0.5400390625 0.443359375 0.5029296875 0.4091796875 0.4609375 0.3759765625 0.455078125 0.365234375 0.4619140625 0.3515625 0.4892578125 0.353515625 0.5224609375 0.3603515625 0.53125 0.3701171875 0.525390625 0.3896484375 0.53125 0.3984375 0.5458984375
2 0.349609375 0.4912109375 0.365234375 0.4599609375 0.3828125 0.4501953125 0.3583984375 0.416015625 0.3271484375 0.4140625 0.31640625 0.4306640625 0.31640625 0.4658203125 0.3349609375 0.47265625 0.3388671875 0.48046875 0.3447265625 0.474609375 0.345703125 0.4853515625 0.337890625 0.4853515625
2 0.46484375 0.5205078125 0.4765625 0.5146484375 0.4765625 0.5029296875 0.4609375 0.4599609375 0.4482421875 0.447265625 0.4287109375 0.443359375 0.4033203125 0.44921875 0.404296875 0.4580078125 0.44140625 0.4970703125 0.447265625 0.5185546875
2 0.640625 0.5947265625 0.6630859375 0.56640625 0.68359375 0.5595703125 0.685546875 0.5283203125 0.6552734375 0.505859375 0.6279296875 0.501953125 0.6171875 0.5087890625 0.59765625 0.5400390625 0.59375 0.5654296875 0.6044921875 0.5859375
2 0.744140625 0.4931640625 0.75390625 0.4716796875 0.755859375 0.4365234375 0.7431640625 0.4140625 0.7177734375 0.412109375 0.705078125 0.4345703125 0.701171875 0.4853515625 0.7060546875 0.4921875 0.7138671875 0.48828125
2 0.703125 0.4365234375 0.712890625 0.4150390625 0.73046875 0.4091796875 0.7265625 0.3935546875 0.7138671875 0.380859375 0.6943359375 0.3828125 0.681640625 0.3974609375 0.68359375 0.4228515625
2 0.6015625 0.3837890625 0.62109375 0.3740234375 0.62109375 0.3486328125 0.6103515625 0.337890625 0.5927734375 0.333984375 0.57421875 0.3564453125 0.57421875 0.3740234375
9 0.578125 0.9990234375 0.576171875 0.9736328125 0.5546875 0.9365234375 0.5458984375 0.931640625 0.54296875 0.9990234375
9 0.69140625 0.9990234375 0.69140625 0.9755859375 0.70703125 0.9580078125 0.6953125 0.9306640625 0.697265625 0.9150390625 0.6884765625 0.908203125 0.671875 0.9287109375 0.671875 0.9853515625 0.6640625 0.9931640625 0.6669921875 1 0.6787109375 0.994140625 0.6826171875 1
9 0.2578125 0.7060546875 0.265625 0.6767578125 0.265625 0.6259765625 0.2578125 0.6064453125 0.2509765625 0.603515625 0.24609375 0.6376953125 0.25390625 0.6767578125 0.251953125 0.7001953125
9 0.27734375 0.7001953125 0.2802734375 0.6875 0.28125 0.6962890625 0.2880859375 0.697265625 0.298828125 0.6865234375 0.294921875 0.6533203125 0.28515625 0.6357421875 0.279296875 0.6025390625 0.2724609375 0.59765625 0.263671875 0.6376953125 0.26953125 0.6943359375
9 0.318359375 0.6904296875 0.318359375 0.6240234375 0.314453125 0.6083984375 0.3037109375 0.59765625 0.298828125 0.6455078125 0.3046875 0.6826171875 0.3115234375 0.677734375