2 0.33984375 0.6865234375 0.369140625 0.6689453125 0.373046875 0.6298828125 0.3349609375 0.57421875 0.3095703125 0.5703125 0.275390625 0.5908203125 0.27734375 0.6181640625 0.314453125 0.6650390625 0.31640625 0.6767578125
2 0.369140625 0.4091796875 0.384765625 0.3994140625 0.3828125 0.3759765625 0.3583984375 0.34765625 0.3330078125 0.34765625 0.326171875 0.3603515625 0.330078125 0.3935546875 0.3525390625 0.41015625
2 0.263671875 0.3232421875 0.27734375 0.3173828125 0.27734375 0.3017578125 0.2646484375 0.28515625 0.2529296875 0.28515625 0.2421875 0.2939453125 0.2421875 0.3173828125
2 0.0390625 0.3603515625 0.048828125 0.3525390625 0.048828125 0.3369140625 0.0419921875 0.328125 0.029296875 0.3388671875 0.029296875 0.3583984375
2 0.0703125 0.3193359375 0.080078125 0.3134765625 0.0771484375 0.291015625 0.06640625 0.2958984375 0.0625 0.3193359375
2 0.08984375 0.3388671875 0.0986328125 0.3359375 0.103515625 0.3251953125 0.0927734375 0.30859375 0.083984375 0.3154296875 0.08203125 0.3330078125 0.0830078125 0.33984375
2 0.107421875 0.3115234375 0.119140625 0.3037109375 0.1103515625 0.283203125 0.1015625 0.2939453125 0.1015625 0.3115234375
4 0.8125 0.4345703125 0.849609375 0.4013671875 0.857421875 0.3759765625 0.857421875 0.3291015625 0.8193359375 0.31640625 0.8056640625 0.318359375 0.796875 0.3310546875 0.80078125 0.4287109375
2 0.875 0.4384765625 0.88671875 0.4208984375 0.888671875 0.3740234375 0.8681640625 0.36328125 0.857421875 0.3759765625 0.849609375 0.4287109375
2 0.90625 0.4658203125 0.916015625 0.4501953125 0.916015625 0.4169921875 0.8994140625 0.40234375 0.8828125 0.4306640625 0.8828125 0.4541015625
2 0.939453125 0.4951171875 0.9453125 0.4853515625 0.9453125 0.4638671875 0.95703125 0.4501953125 0.95703125 0.4345703125 0.9365234375 0.421875 0.923828125 0.4404296875 0.91796875 0.4833984375
1 0.712890625 0.3017578125 0.720703125 0.2626953125 0.7060546875 0.25 0.6240234375 0.24609375 0.59375 0.2509765625 0.59375 0.2880859375 0.6044921875 0.296875
2 0.921875 0.4365234375 0.9296875 0.4130859375 0.9130859375 0.40234375 0.9013671875 0.40234375 0.896484375 0.4072265625 0.912109375 0.4130859375 0.916015625 0.4345703125
2 0.896484375 0.4013671875 0.90234375 0.3974609375 0.91015625 0.3681640625 0.8896484375 0.357421875 0.888671875 0.3935546875