9 0.26953125 0.7001953125 0.2763671875 0.689453125 0.2841796875 0.69921875 0.296875 0.6904296875 0.30078125 0.6337890625 0.2919921875 0.642578125 0.2734375 0.6005859375 0.2646484375 0.59765625 0.25390625 0.6513671875 0.263671875 0.7001953125
9 0.298828125 0.6650390625 0.30859375 0.6357421875 0.30078125 0.5986328125 0.2919921875 0.58984375 0.28515625 0.6181640625
9 0.255859375 0.6669921875 0.255859375 0.6201171875 0.2412109375 0.587890625 0.232421875 0.6044921875 0.240234375 0.6611328125 0.2431640625 0.6640625 0.2490234375 0.654296875
13 0.177734375 0.6025390625 0.18359375 0.5966796875 0.181640625 0.5693359375 0.1708984375 0.55859375 0.171875 0.6025390625
13 0.169921875 0.6376953125 0.1640625 0.5654296875 0.1572265625 0.5625 0.14453125 0.5810546875 0.15234375 0.5908203125 0.14453125 0.6064453125 0.150390625 0.6279296875 0.1630859375 0.638671875
13 0.4921875 0.9111328125 0.498046875 0.8935546875 0.49609375 0.7626953125 0.4833984375 0.748046875 0.4765625 0.7548828125 0.4765625 0.7802734375 0.4609375 0.7939453125 0.46875 0.8115234375 0.4765625 0.8154296875 0.46484375 0.8251953125 0.474609375 0.8525390625 0.466796875 0.8681640625 0.47265625 0.8837890625 0.484375 0.8896484375 0.486328125 0.9072265625
2 0.400390625 0.9990234375 0.41015625 0.9580078125 0.40234375 0.9111328125 0.39453125 0.8974609375 0.3623046875 0.87109375 0.3193359375 0.884765625 0.2822265625 0.8828125 0.2626953125 0.890625 0.1875 0.9501953125 0.16796875 0.9970703125
2 0.146484375 0.9990234375 0.169921875 0.9345703125 0.166015625 0.9033203125 0.1455078125 0.869140625 0.1259765625 0.861328125 0.0810546875 0.87109375 0.0302734375 0.87109375 0.0205078125 0.86328125 0 0.8642578125 0.0009765625 1
2 0.73046875 0.4990234375 0.7421875 0.4541015625 0.75390625 0.4423828125 0.7392578125 0.427734375 0.7099609375 0.42578125 0.6875 0.4580078125 0.685546875 0.4853515625 0.6923828125 0.5 0.7060546875 0.4921875
2 0.78515625 0.5419921875 0.7998046875 0.51953125 0.8173828125 0.515625 0.828125 0.5048828125 0.828125 0.4658203125 0.818359375 0.4404296875 0.7978515625 0.4296875 0.7783203125 0.431640625 0.7470703125 0.451171875 0.736328125 0.4833984375 0.734375 0.5263671875 0.7607421875 0.54296875
13 0.68359375 0.4404296875 0.681640625 0.3388671875 0.6767578125 0.3359375 0.67578125 0.3779296875 0.662109375 0.3857421875 0.669921875 0.4052734375 0.669921875 0.4345703125
13 0.35546875 0.6240234375 0.35546875 0.5634765625 0.3427734375 0.451171875 0.333984375 0.4716796875 0.34375 0.5146484375 0.34765625 0.6044921875