1 0.88671875 0.5322265625 0.931640625 0.4931640625 0.93359375 0.4619140625 0.9248046875 0.447265625 0.9013671875 0.447265625 0.85546875 0.4814453125 0.85546875 0.5302734375
1 0.951171875 0.5791015625 1 0.5400390625 0.9990234375 0.478515625 0.9755859375 0.4765625 0.91796875 0.5185546875 0.9140625 0.5673828125 0.9384765625 0.580078125
1 0.8984375 0.4443359375 0.94140625 0.4208984375 0.9384765625 0.384765625 0.9169921875 0.3828125 0.87890625 0.4033203125 0.875 0.4365234375 0.8798828125 0.443359375
1 0.775390625 0.4462890625 0.775390625 0.4072265625 0.7587890625 0.388671875 0.7412109375 0.388671875 0.73828125 0.4267578125 0.748046875 0.4443359375
1 0.734375 0.4130859375 0.736328125 0.3779296875 0.7255859375 0.36328125 0.7119140625 0.361328125 0.70703125 0.3662109375 0.708984375 0.4033203125 0.7158203125 0.412109375
1 0.806640625 0.3955078125 0.837890625 0.3837890625 0.841796875 0.3544921875 0.8369140625 0.349609375 0.8212890625 0.349609375 0.791015625 0.3623046875 0.7890625 0.3916015625
1 0.87109375 0.4052734375 0.90625 0.3857421875 0.9052734375 0.35546875 0.8818359375 0.35546875 0.853515625 0.3701171875 0.849609375 0.4013671875 0.8544921875 0.40625
1 0.9453125 0.3720703125 0.947265625 0.3369140625 0.9345703125 0.330078125 0.9150390625 0.330078125 0.91015625 0.3369140625 0.9140625 0.3603515625 0.9287109375 0.373046875
1 0.8515625 0.3857421875 0.8544921875 0.37109375 0.892578125 0.3525390625 0.8896484375 0.34375 0.8623046875 0.345703125 0.841796875 0.3564453125 0.83984375 0.3837890625
1 0.88671875 0.3251953125 0.8828125 0.2919921875 0.8662109375 0.294921875 0.865234375 0.3193359375 0.8720703125 0.326171875
2 0.056640625 0.9951171875 0.111328125 0.9404296875 0.1123046875 0.90625 0.0888671875 0.90234375 0.0615234375 0.91015625 0.037109375 0.9384765625 0.029296875 0.9619140625 0.029296875 0.9892578125 0.0400390625 0.99609375
2 0.125 0.9052734375 0.1318359375 0.904296875 0.142578125 0.8857421875 0.173828125 0.8583984375 0.1728515625 0.830078125 0.1533203125 0.828125 0.1298828125 0.8359375 0.11328125 0.8564453125 0.099609375 0.8818359375 0.09765625 0.8994140625
2 0.201171875 0.8212890625 0.2265625 0.7880859375 0.228515625 0.7744140625 0.2216796875 0.76171875 0.1962890625 0.759765625 0.171875 0.7861328125 0.169921875 0.8173828125
2 0.248046875 0.7529296875 0.2578125 0.7490234375 0.27734375 0.7197265625 0.2724609375 0.69921875 0.2451171875 0.701171875 0.2265625 0.7294921875 0.2265625 0.7509765625
2 0.30078125 0.6962890625 0.31640625 0.6728515625 0.31640625 0.6552734375 0.2978515625 0.646484375 0.27734375 0.6611328125 0.271484375 0.6904296875 0.2783203125 0.697265625
2 0.34375 0.6416015625 0.35546875 0.6298828125 0.359375 0.6142578125 0.3525390625 0.6015625 0.3369140625 0.599609375 0.32421875 0.6103515625 0.318359375 0.6357421875 0.3251953125 0.642578125
2 0.37890625 0.5947265625 0.38671875 0.5908203125 0.390625 0.5771484375 0.3818359375 0.5625 0.3681640625 0.560546875 0.357421875 0.5712890625 0.35546875 0.5947265625
2 0.4765625 0.9384765625 0.486328125 0.9326171875 0.498046875 0.8896484375 0.501953125 0.8564453125 0.5 0.8427734375 0.4931640625 0.837890625 0.466796875 0.8466796875 0.44921875 0.9091796875 0.451171875 0.9345703125
2 0.552734375 0.9306640625 0.55859375 0.9228515625 0.55859375 0.8935546875 0.568359375 0.8525390625 0.5615234375 0.83203125 0.5419921875 0.828125 0.533203125 0.8388671875 0.5234375 0.8720703125 0.51953125 0.9169921875 0.5263671875 0.9296875
2 0.61328125 0.9990234375 0.619140625 0.8974609375 0.6103515625 0.888671875 0.5966796875 0.88671875 0.583984375 0.8974609375 0.572265625 0.9384765625 0.5703125 0.9931640625 0.5732421875 1
2 0.62890625 0.8486328125 0.6328125 0.8427734375 0.619140625 0.8310546875 0.634765625 0.8291015625 0.634765625 0.7685546875 0.6142578125 0.763671875 0.599609375 0.7978515625 0.599609375 0.8154296875 0.6171875 0.8271484375 0.6005859375 0.826171875 0.599609375 0.8408203125 0.6083984375 0.849609375
2 0.580078125 0.7998046875 0.58984375 0.7314453125 0.5830078125 0.720703125 0.5693359375 0.71875 0.5546875 0.7509765625 0.556640625 0.7919921875
2 0.55859375 0.6572265625 0.568359375 0.6279296875 0.568359375 0.5947265625 0.5634765625 0.583984375 0.5478515625 0.583984375 0.53515625 0.6142578125 0.533203125 0.6513671875 0.5380859375 0.658203125
2 0.642578125 0.4814453125 0.6484375 0.4775390625 0.64453125 0.4599609375 0.6298828125 0.455078125 0.625 0.4794921875
2 0.666015625 0.4365234375 0.669921875 0.3916015625 0.6591796875 0.388671875 0.65234375 0.4208984375 0.654296875 0.4345703125
2 0.3984375 0.5673828125 0.408203125 0.5458984375 0.3994140625 0.53515625 0.3837890625 0.53515625 0.376953125 0.5439453125 0.376953125 0.5595703125 0.3896484375 0.568359375
2 0.419921875 0.5400390625 0.42578125 0.5361328125 0.42578125 0.5185546875 0.4052734375 0.509765625 0.3984375 0.5341796875 0.4052734375 0.541015625
2 0.43359375 0.5166015625 0.4375 0.4990234375 0.4306640625 0.490234375 0.4208984375 0.490234375 0.4140625 0.5087890625 0.4248046875 0.517578125 0.43359375 0.5166015625