9 0.6171875 0.5849609375 0.623046875 0.5810546875 0.623046875 0.5458984375 0.6142578125 0.517578125 0.609375 0.5244140625 0.609375 0.5830078125
9 0.85546875 0.9208984375 0.861328125 0.8994140625 0.8671875 0.9033203125 0.873046875 0.8583984375 0.87890625 0.8525390625 0.87890625 0.8232421875 0.8681640625 0.787109375 0.8515625 0.8134765625
9 0.89453125 0.8935546875 0.8984375 0.8681640625 0.916015625 0.8447265625 0.9052734375 0.798828125 0.8984375 0.8017578125 0.88671875 0.8388671875
9 0.927734375 0.5908203125 0.93359375 0.5634765625 0.9306640625 0.51953125 0.919921875 0.5419921875
2 0.248046875 0.9248046875 0.3095703125 0.8671875 0.3212890625 0.859375 0.3349609375 0.861328125 0.34765625 0.8486328125 0.34765625 0.8037109375 0.33984375 0.7919921875 0.33984375 0.7783203125 0.3173828125 0.751953125 0.2958984375 0.75 0.2548828125 0.771484375 0.228515625 0.7998046875 0.220703125 0.8212890625 0.197265625 0.8525390625 0.193359375 0.8876953125 0.201171875 0.9091796875 0.2197265625 0.923828125
2 0.408203125 0.7900390625 0.4208984375 0.7890625 0.4462890625 0.759765625 0.490234375 0.7314453125 0.49609375 0.7138671875 0.4921875 0.6826171875 0.4775390625 0.666015625 0.4482421875 0.658203125 0.4169921875 0.666015625 0.37109375 0.7294921875 0.365234375 0.7509765625 0.369140625 0.7822265625
2 0.515625 0.7119140625 0.5537109375 0.673828125 0.5654296875 0.67578125 0.5703125 0.6669921875 0.572265625 0.6181640625 0.5625 0.5849609375 0.5498046875 0.578125 0.5302734375 0.580078125 0.498046875 0.6044921875 0.486328125 0.6396484375 0.470703125 0.6611328125 0.490234375 0.6767578125 0.49609375 0.7060546875
2 0.537109375 0.9365234375 0.544921875 0.9072265625 0.5693359375 0.8828125 0.615234375 0.8564453125 0.625 0.7900390625 0.619140625 0.7705078125 0.6005859375 0.7578125 0.5283203125 0.7421875 0.484375 0.7763671875 0.478515625 0.7958984375 0.43359375 0.8427734375 0.4296875 0.8974609375 0.4443359375 0.919921875 0.4736328125 0.9375 0.5048828125 0.9296875
2 0.6640625 0.9990234375 0.67578125 0.9873046875 0.6474609375 0.98046875 0.646484375 0.9716796875 0.6826171875 0.96484375 0.6845703125 0.955078125 0.6884765625 0.962890625 0.6923828125 0.951171875 0.7177734375 0.943359375 0.73828125 0.8798828125 0.7294921875 0.8515625 0.6865234375 0.8359375 0.6533203125 0.841796875 0.642578125 0.8505859375 0.59375 0.9462890625 0.5927734375 0.966796875 0.6240234375 0.96875 0.6279296875 0.978515625 0.638671875 0.9775390625 0.6181640625 0.984375 0.5966796875 0.984375 0.5927734375 0.978515625 0.583984375 0.9912109375 0.5849609375 1 0.6025390625 1 0.6064453125 0.994140625 0.6201171875 1
2 0.74609375 0.8759765625 0.765625 0.8486328125 0.76953125 0.8173828125 0.779296875 0.8056640625 0.78125 0.7412109375 0.7705078125 0.708984375 0.7373046875 0.701171875 0.708984375 0.7412109375 0.67578125 0.8232421875 0.6943359375 0.837890625 0.7333984375 0.845703125
2 0.828125 0.6787109375 0.8408203125 0.671875 0.8623046875 0.673828125 0.876953125 0.6630859375 0.8828125 0.6455078125 0.884765625 0.6064453125 0.8564453125 0.576171875 0.841796875 0.5830078125 0.826171875 0.6220703125 0.822265625 0.6591796875
2 0.828125 0.6787109375 0.8408203125 0.671875 0.8623046875 0.673828125 0.876953125 0.6630859375 0.8828125 0.6455078125 0.884765625 0.6064453125 0.8564453125 0.576171875 0.841796875 0.5830078125 0.826171875 0.6220703125 0.822265625 0.6591796875
6 0.072265625 0.9990234375 0.1123046875 0.99609375 0.1376953125 0.986328125 0.1474609375 0.990234375 0.1630859375 0.962890625 0.1689453125 0.966796875 0.193359375 0.9482421875 0.193359375 0.9013671875 0.1728515625 0.8828125 0.1357421875 0.875 0.0986328125 0.853515625 0.0791015625 0.85546875 0.0263671875 0.8828125 0.01953125 0.8896484375 0.01953125 0.9443359375 0.0361328125 0.96875 0.0458984375 0.96484375 0.05078125 0.9716796875 0.0341796875 0.97265625 0.025390625 0.9814453125 0.0380859375 1
6 0.072265625 0.9990234375 0.1123046875 0.99609375 0.1376953125 0.986328125 0.1474609375 0.990234375 0.1630859375 0.962890625 0.1689453125 0.966796875 0.193359375 0.9482421875 0.193359375 0.9013671875 0.1728515625 0.8828125 0.1357421875 0.875 0.0986328125 0.853515625 0.0791015625 0.85546875 0.0263671875 0.8828125 0.01953125 0.8896484375 0.01953125 0.9443359375 0.0361328125 0.96875 0.0458984375 0.96484375 0.05078125 0.9716796875 0.0341796875 0.97265625 0.025390625 0.9814453125 0.0380859375 1
2 0.703125 0.5615234375 0.724609375 0.5400390625 0.7265625 0.5283203125 0.724609375 0.4951171875 0.7138671875 0.482421875 0.681640625 0.4951171875 0.666015625 0.5380859375 0.6689453125 0.560546875
6 0.80859375 0.5556640625 0.8154296875 0.548828125 0.8369140625 0.552734375 0.85546875 0.5302734375 0.849609375 0.4638671875 0.8369140625 0.451171875 0.8251953125 0.451171875 0.8046875 0.4677734375 0.80078125 0.5439453125
2 0.7421875 0.5576171875 0.7666015625 0.556640625 0.78125 0.5400390625 0.779296875 0.4970703125 0.7646484375 0.474609375 0.748046875 0.4833984375 0.728515625 0.5322265625 0.73046875 0.5537109375
6 0.77734375 0.4775390625 0.7890625 0.4736328125 0.798828125 0.4521484375 0.791015625 0.4287109375 0.7841796875 0.419921875 0.7587890625 0.421875 0.75390625 0.4248046875 0.7568359375 0.443359375 0.7451171875 0.427734375 0.744140625 0.4599609375 0.7587890625 0.4609375 0.7666015625 0.474609375
2 0.86328125 0.4482421875 0.869140625 0.4423828125 0.869140625 0.4228515625 0.8642578125 0.412109375 0.8544921875 0.41015625 0.84375 0.4248046875 0.84375 0.4345703125 0.8486328125 0.447265625