9 0.29296875 0.5888671875 0.310546875 0.5712890625 0.306640625 0.5205078125 0.2998046875 0.505859375 0.294921875 0.5087890625 0.298828125 0.5693359375 0.287109375 0.5830078125 0.287109375 0.5888671875
9 0.326171875 0.5341796875 0.33984375 0.5185546875 0.3271484375 0.455078125 0.32421875 0.5166015625 0.318359375 0.5283203125 0.3193359375 0.53515625
9 0.12890625 0.7607421875 0.154296875 0.7314453125 0.1376953125 0.646484375 0.1328125 0.6494140625 0.130859375 0.6708984375 0.138671875 0.7138671875 0.1328125 0.7412109375 0.123046875 0.7529296875 0.123046875 0.7607421875
2 0.09375 0.5400390625 0.12109375 0.5205078125 0.119140625 0.4990234375 0.0986328125 0.4609375 0.078125 0.4716796875 0.0703125 0.5126953125 0.08203125 0.5380859375
2 0.16015625 0.4951171875 0.1640625 0.4677734375 0.150390625 0.4423828125 0.1435546875 0.4375 0.1240234375 0.439453125 0.11328125 0.4541015625 0.1171875 0.4833984375 0.1298828125 0.494140625
2 0.19921875 0.4716796875 0.220703125 0.4638671875 0.224609375 0.4443359375 0.2109375 0.4208984375 0.1923828125 0.41015625 0.1728515625 0.41796875 0.15625 0.4384765625 0.1748046875 0.462890625
2 0.0625 0.4970703125 0.07421875 0.4892578125 0.083984375 0.4638671875 0.0654296875 0.435546875 0.0498046875 0.44140625 0.04296875 0.4541015625 0.044921875 0.4833984375
2 0.09375 0.4521484375 0.10546875 0.4423828125 0.099609375 0.4072265625 0.0830078125 0.392578125 0.0673828125 0.39453125 0.05859375 0.4013671875 0.060546875 0.4306640625 0.0791015625 0.453125
2 0.0390625 0.4638671875 0.046875 0.4384765625 0.0390625 0.4169921875 0.0283203125 0.4140625 0.017578125 0.4267578125 0.01953125 0.4580078125 0.0263671875 0.46484375
1 0.1328125 0.4306640625 0.169921875 0.4111328125 0.1630859375 0.35546875 0.0673828125 0.3359375 0.041015625 0.3505859375 0.041015625 0.3662109375 0.0517578125 0.388671875 0.0791015625 0.390625 0.0966796875 0.400390625 0.1083984375 0.431640625
2 0.03125 0.4052734375 0.04296875 0.3955078125 0.04296875 0.3837890625 0.03515625 0.3642578125 0.0244140625 0.357421875 0.01171875 0.3662109375 0.009765625 0.3916015625
2 0.513671875 0.3662109375 0.5390625 0.3544921875 0.54296875 0.3388671875 0.5322265625 0.322265625 0.5146484375 0.3203125 0.5009765625 0.326171875 0.490234375 0.3447265625 0.4912109375 0.3671875
2 0.55078125 0.3662109375 0.5595703125 0.3515625 0.548828125 0.3583984375
2 0.58203125 0.3857421875 0.591796875 0.3701171875 0.591796875 0.3505859375 0.587890625 0.3369140625 0.5732421875 0.33203125 0.55859375 0.3525390625 0.556640625 0.3837890625
2 0.634765625 0.4189453125 0.634765625 0.4091796875 0.646484375 0.4033203125 0.654296875 0.3857421875 0.654296875 0.3623046875 0.6474609375 0.34765625 0.6279296875 0.349609375 0.6171875 0.3779296875 0.6171875 0.4033203125 0.6259765625 0.41796875 0.6298828125 0.41015625
2 0.66796875 0.3701171875 0.673828125 0.3583984375 0.673828125 0.3291015625 0.6591796875 0.322265625 0.650390625 0.3310546875 0.6484375 0.3486328125 0.654296875 0.3662109375
2 0.708984375 0.3896484375 0.71484375 0.3447265625 0.7080078125 0.33203125 0.6962890625 0.33203125 0.6875 0.3505859375 0.685546875 0.3857421875
2 0.681640625 0.3251953125 0.681640625 0.2802734375 0.6689453125 0.279296875 0.66015625 0.3173828125 0.6728515625 0.326171875
2 0.587890625 0.3154296875 0.595703125 0.2998046875 0.59375 0.2900390625 0.5888671875 0.283203125 0.5791015625 0.283203125 0.5703125 0.2900390625 0.568359375 0.3037109375 0.5771484375 0.31640625
2 0.599609375 0.2998046875 0.611328125 0.2900390625 0.611328125 0.2744140625 0.6044921875 0.267578125 0.5966796875 0.267578125 0.58984375 0.2763671875 0.59375 0.2958984375
2 0.615234375 0.2822265625 0.625 0.2724609375 0.6220703125 0.25 0.6103515625 0.25 0.603515625 0.2626953125
2 0.68359375 0.2744140625 0.6875 0.2587890625 0.6708984375 0.25390625 0.66796875 0.2724609375
2 0.66015625 0.2587890625 0.662109375 0.2392578125 0.6552734375 0.234375 0.650390625 0.2373046875 0.650390625 0.2548828125
2 0.84375 0.5302734375 0.845703125 0.4892578125 0.83984375 0.4580078125 0.8173828125 0.44921875 0.806640625 0.4638671875 0.8125 0.5185546875 0.8173828125 0.52734375
2 0.9140625 0.5986328125 0.916015625 0.5185546875 0.9033203125 0.4921875 0.8837890625 0.490234375 0.869140625 0.5029296875 0.8671875 0.5380859375 0.880859375 0.5830078125 0.9033203125 0.599609375
2 0.865234375 0.4560546875 0.86328125 0.4052734375 0.8583984375 0.396484375 0.8447265625 0.392578125 0.833984375 0.4013671875 0.833984375 0.4287109375 0.8466796875 0.453125
2 0.888671875 0.4326171875 0.888671875 0.3935546875 0.8720703125 0.380859375 0.861328125 0.3896484375 0.865234375 0.4189453125 0.8720703125 0.431640625
2 0.83984375 0.3740234375 0.841796875 0.3427734375 0.8349609375 0.33203125 0.8251953125 0.330078125 0.818359375 0.3583984375 0.8271484375 0.373046875
2 0.80078125 0.3486328125 0.80078125 0.3212890625 0.7861328125 0.30859375 0.779296875 0.3193359375 0.779296875 0.3408203125 0.7841796875 0.34765625
2 0.787109375 0.3017578125 0.7890625 0.2802734375 0.7783203125 0.275390625 0.775390625 0.2978515625
2 0.822265625 0.3349609375 0.8359375 0.3291015625 0.8359375 0.3115234375 0.8291015625 0.302734375 0.8193359375 0.302734375 0.814453125 0.3115234375 0.814453125 0.3251953125
2 0.833984375 0.3037109375 0.833984375 0.2841796875 0.8212890625 0.28125 0.818359375 0.3017578125
2 0.818359375 0.2841796875 0.8115234375 0.263671875 0.8046875 0.2705078125 0.8046875 0.2822265625
2 0.78515625 0.2685546875 0.787109375 0.2529296875 0.7783203125 0.24609375 0.7734375 0.2490234375 0.7734375 0.2666015625
2 0.791015625 0.2490234375 0.791015625 0.2333984375 0.7822265625 0.23046875 0.78125 0.2451171875 0.791015625 0.2490234375