2 0.96875 0.9990234375 0.97265625 0.9775390625 0.9619140625 0.96875 0.9501953125 0.974609375 0.94921875 0.9677734375 0.9658203125 0.966796875 0.974609375 0.9599609375 0.982421875 0.9306640625 0.98046875 0.8916015625 0.9541015625 0.87109375 0.9208984375 0.85546875 0.9013671875 0.853515625 0.8623046875 0.876953125 0.8310546875 0.880859375 0.806640625 0.9033203125 0.80078125 0.9208984375 0.8046875 0.9501953125 0.8251953125 0.96484375 0.8701171875 0.966796875 0.8701171875 0.9765625 0.849609375 0.9794921875 0.8740234375 1
2 0.77734375 0.9248046875 0.796875 0.9111328125 0.806640625 0.8896484375 0.8046875 0.8583984375 0.794921875 0.8369140625 0.779296875 0.8212890625 0.763671875 0.7900390625 0.7412109375 0.767578125 0.6982421875 0.748046875 0.6787109375 0.75390625 0.662109375 0.7744140625 0.65234375 0.8037109375 0.658203125 0.8564453125 0.6767578125 0.857421875 0.6923828125 0.869140625 0.734375 0.9052734375 0.7431640625 0.923828125
2 0.60546875 0.7900390625 0.6259765625 0.78515625 0.634765625 0.7744140625 0.62890625 0.7294921875 0.607421875 0.6962890625 0.58984375 0.6728515625 0.5712890625 0.66015625 0.5185546875 0.66796875 0.5078125 0.6826171875 0.50390625 0.7060546875 0.515625 0.7392578125 0.5302734375 0.7421875 0.5537109375 0.759765625 0.5791015625 0.7890625
2 0.501953125 0.7099609375 0.509765625 0.6767578125 0.52734375 0.6630859375 0.505859375 0.6103515625 0.4697265625 0.580078125 0.4423828125 0.580078125 0.42578125 0.6298828125 0.4296875 0.6689453125 0.4443359375 0.673828125 0.4833984375 0.7109375
2 0.41796875 0.9990234375 0.41015625 0.9521484375 0.3828125 0.8935546875 0.359375 0.8525390625 0.32421875 0.8330078125 0.31640625 0.7998046875 0.279296875 0.7216796875 0.2607421875 0.701171875 0.2314453125 0.708984375 0.224609375 0.7158203125 0.220703125 0.7470703125 0.224609375 0.8017578125 0.236328125 0.8173828125 0.23828125 0.8330078125 0.25390625 0.8466796875 0.2548828125 0.875 0.26171875 0.8525390625 0.263671875 0.9130859375 0.2734375 0.9443359375 0.294921875 0.9697265625 0.298828125 0.9931640625 0.3037109375 1
2 0.134765625 0.6767578125 0.177734375 0.6708984375 0.177734375 0.5927734375 0.1708984375 0.60546875 0.1494140625 0.578125 0.1318359375 0.583984375 0.115234375 0.6083984375 0.1171875 0.6474609375 0.12890625 0.6748046875
2 0.203125 0.5888671875 0.2109375 0.5380859375 0.2060546875 0.521484375 0.1953125 0.5263671875 0.185546875 0.5576171875 0.189453125 0.5810546875
2 0.216796875 0.6025390625 0.2431640625 0.6015625 0.24609375 0.5966796875 0.244140625 0.5341796875 0.2333984375 0.525390625 0.2197265625 0.529296875 0.21484375 0.5400390625 0.208984375 0.6005859375
2 0.328125 0.5615234375 0.333984375 0.5537109375 0.333984375 0.5341796875 0.326171875 0.5048828125 0.3115234375 0.490234375 0.2822265625 0.486328125 0.2734375 0.5048828125 0.275390625 0.5380859375 0.2998046875 0.5625
2 0.265625 0.5244140625 0.271484375 0.5224609375 0.275390625 0.4755859375 0.2666015625 0.46484375 0.2431640625 0.462890625 0.232421875 0.4794921875 0.236328125 0.5087890625 0.2548828125 0.525390625
6 0.22265625 0.4873046875 0.2392578125 0.46484375 0.2578125 0.4599609375 0.2578125 0.4326171875 0.2470703125 0.421875 0.2158203125 0.419921875 0.208984375 0.4287109375 0.205078125 0.4775390625 0.2158203125 0.48828125
2 0.17578125 0.4619140625 0.173828125 0.4150390625 0.1552734375 0.41015625 0.1484375 0.4228515625 0.1484375 0.4541015625 0.1552734375 0.462890625
2 0.123046875 0.4580078125 0.125 0.4248046875 0.1181640625 0.4140625 0.1083984375 0.4140625 0.1015625 0.4248046875 0.099609375 0.4501953125 0.1044921875 0.458984375
2 0.150390625 0.3349609375 0.1552734375 0.322265625 0.166015625 0.3251953125 0.162109375 0.2978515625 0.15625 0.2939453125 0.162109375 0.2373046875 0.15625 0.1611328125 0.1669921875 0.072265625 0.1484375 0.0947265625 0.12890625 0.1357421875 0.126953125 0.3037109375 0.134765625 0.3330078125