2 0.09765625 0.5986328125 0.1171875 0.5849609375 0.1328125 0.5361328125 0.130859375 0.5029296875 0.1162109375 0.490234375 0.0986328125 0.4921875 0.083984375 0.5205078125 0.083984375 0.5966796875
2 0.166015625 0.5302734375 0.1806640625 0.52734375 0.189453125 0.5107421875 0.193359375 0.4638671875 0.1826171875 0.44921875 0.16015625 0.4580078125 0.154296875 0.5126953125 0.15625 0.5302734375
2 0.142578125 0.4560546875 0.16015625 0.4462890625 0.166015625 0.4267578125 0.166015625 0.4033203125 0.1533203125 0.392578125 0.1416015625 0.396484375 0.134765625 0.4111328125 0.134765625 0.4560546875
2 0.115234375 0.4345703125 0.1328125 0.4248046875 0.138671875 0.3955078125 0.1318359375 0.3828125 0.1181640625 0.384765625 0.109375 0.3994140625 0.109375 0.4326171875
2 0.166015625 0.3740234375 0.181640625 0.3603515625 0.181640625 0.3427734375 0.1728515625 0.330078125 0.162109375 0.3349609375 0.158203125 0.3505859375 0.158203125 0.3720703125
2 0.2109375 0.3486328125 0.220703125 0.3408203125 0.2158203125 0.310546875 0.2080078125 0.310546875 0.19921875 0.3212890625 0.19921875 0.3486328125
2 0.1796875 0.3330078125 0.185546875 0.3134765625 0.1767578125 0.30078125 0.1640625 0.3095703125 0.1640625 0.3310546875
2 0.298828125 0.3896484375 0.314453125 0.3857421875 0.3125 0.3505859375 0.3037109375 0.33203125 0.2900390625 0.333984375 0.28515625 0.3427734375 0.287109375 0.3876953125
2 0.375 0.4228515625 0.3828125 0.4013671875 0.37890625 0.3623046875 0.3720703125 0.349609375 0.3525390625 0.34765625 0.345703125 0.3583984375 0.345703125 0.3857421875 0.353515625 0.4033203125 0.365234375 0.4091796875 0.36328125 0.4189453125
2 0.33984375 0.3701171875 0.345703125 0.3681640625 0.3515625 0.3349609375 0.3427734375 0.322265625 0.3330078125 0.322265625 0.326171875 0.3291015625 0.326171875 0.3603515625 0.3330078125 0.37109375
2 0.328125 0.3251953125 0.33984375 0.3173828125 0.337890625 0.2939453125 0.333984375 0.2822265625 0.3232421875 0.27734375 0.31640625 0.2919921875 0.31640625 0.3212890625
2 0.4296875 0.3876953125 0.443359375 0.3857421875 0.443359375 0.3583984375 0.43359375 0.3369140625 0.4189453125 0.33203125 0.41015625 0.3388671875 0.408203125 0.3701171875 0.4208984375 0.388671875
2 0.509765625 0.3662109375 0.5048828125 0.328125 0.4736328125 0.3203125 0.458984375 0.3291015625 0.45703125 0.3408203125 0.4638671875 0.357421875 0.4873046875 0.3671875
2 0.453125 0.3427734375 0.45703125 0.3271484375 0.4306640625 0.3046875 0.423828125 0.3291015625 0.4384765625 0.34375
2 0.40234375 0.2978515625 0.41015625 0.2763671875 0.3994140625 0.265625 0.388671875 0.2744140625 0.388671875 0.2900390625
2 0.419921875 0.3173828125 0.431640625 0.2978515625 0.4208984375 0.283203125 0.4111328125 0.283203125 0.404296875 0.3037109375
2 0.38671875 0.2822265625 0.396484375 0.2626953125 0.3837890625 0.248046875 0.375 0.2529296875 0.375 0.2744140625
2 0.330078125 0.2744140625 0.330078125 0.2548828125 0.3154296875 0.25390625 0.3125 0.2724609375
2 0.31640625 0.2490234375 0.32421875 0.2451171875 0.32421875 0.2275390625 0.3173828125 0.216796875 0.3095703125 0.216796875 0.3046875 0.2451171875
2 0.22265625 0.2998046875 0.224609375 0.2802734375 0.2158203125 0.27734375 0.2109375 0.2802734375 0.2109375 0.2998046875
2 0.169921875 0.3037109375 0.181640625 0.3017578125 0.1787109375 0.28125 0.166015625 0.2841796875
2 0.19140625 0.2841796875 0.1953125 0.2685546875 0.1865234375 0.265625 0.181640625 0.2841796875
2 0.181640625 0.2705078125 0.1875 0.2607421875 0.1767578125 0.251953125 0.173828125 0.2685546875
2 0.21484375 0.2490234375 0.2158203125 0.228515625 0.208984375 0.2333984375 0.208984375 0.2490234375
2 0.224609375 0.2685546875 0.2265625 0.2490234375 0.2158203125 0.24609375 0.21484375 0.2685546875
2 0.125 0.3349609375 0.13671875 0.3173828125 0.1298828125 0.3046875 0.115234375 0.3134765625 0.115234375 0.3349609375
2 0.146484375 0.3154296875 0.1484375 0.2958984375 0.1376953125 0.291015625 0.134765625 0.3134765625
2 0.150390625 0.2919921875 0.15234375 0.2763671875 0.1455078125 0.26953125 0.134765625 0.2802734375 0.1396484375 0.2890625
9 0.6796875 0.5302734375 0.67578125 0.4599609375 0.6708984375 0.455078125 0.66015625 0.5166015625 0.6669921875 0.5234375 0.6689453125 0.509765625 0.669921875 0.5263671875
9 0.712890625 0.5888671875 0.701171875 0.5693359375 0.705078125 0.5087890625 0.7001953125 0.505859375 0.693359375 0.5185546875 0.689453125 0.5693359375 0.7041015625 0.587890625
9 0.875 0.7607421875 0.876953125 0.7529296875 0.865234375 0.7392578125 0.861328125 0.7158203125 0.869140625 0.6708984375 0.8642578125 0.646484375 0.85546875 0.6669921875 0.845703125 0.7294921875 0.861328125 0.7548828125
9 0.68359375 0.4208984375 0.689453125 0.3916015625 0.6845703125 0.369140625 0.677734375 0.3798828125
9 0.224609375 0.4912109375 0.232421875 0.4384765625 0.2197265625 0.41015625 0.216796875 0.4814453125 0.21875 0.4912109375
9 0.251953125 0.4501953125 0.25390625 0.4365234375 0.2470703125 0.41796875 0.2421875 0.4443359375 0.2451171875 0.451171875
9 0.544921875 0.4091796875 0.5419921875 0.3515625 0.533203125 0.3681640625 0.533203125 0.4072265625 0.5400390625 0.40234375
9 0.544921875 0.4091796875 0.556640625 0.3955078125 0.5517578125 0.3515625 0.5419921875 0.3515625 0.533203125 0.3701171875 0.533203125 0.4013671875
9 0.654296875 0.4072265625 0.66015625 0.3603515625 0.6513671875 0.35546875 0.646484375 0.4052734375
9 0.6328125 0.3837890625 0.6279296875 0.33984375 0.623046875 0.3818359375
2 0.80859375 0.4716796875 0.833984375 0.4443359375 0.833984375 0.4326171875 0.8232421875 0.416015625 0.8017578125 0.41015625 0.779296875 0.4345703125 0.775390625 0.4521484375 0.7822265625 0.466796875
2 0.8671875 0.5068359375 0.8828125 0.4912109375 0.888671875 0.4716796875 0.88671875 0.4501953125 0.8759765625 0.439453125 0.8564453125 0.4375 0.8359375 0.4658203125 0.8359375 0.4931640625 0.8544921875 0.505859375
2 0.9140625 0.5400390625 0.927734375 0.5205078125 0.92578125 0.4873046875 0.921875 0.4716796875 0.9111328125 0.4609375 0.9013671875 0.4609375 0.8828125 0.4931640625 0.87890625 0.5185546875 0.8974609375 0.537109375
2 0.9453125 0.4990234375 0.95703125 0.4736328125 0.95703125 0.4521484375 0.9501953125 0.44140625 0.9345703125 0.435546875 0.916015625 0.4638671875 0.923828125 0.4736328125 0.92578125 0.4931640625
6 0.916015625 0.4560546875 0.94140625 0.4326171875 0.94140625 0.4013671875 0.9267578125 0.392578125 0.9150390625 0.392578125 0.90234375 0.4033203125 0.89453125 0.4306640625 0.89453125 0.4443359375
2 0.970703125 0.4638671875 0.9609375 0.4599609375 0.9609375 0.4521484375 0.970703125 0.4560546875 0.98046875 0.4306640625 0.9775390625 0.419921875 0.9736328125 0.42578125 0.96484375 0.4208984375 0.97265625 0.4169921875 0.9638671875 0.416015625 0.955078125 0.4443359375 0.9599609375 0.43359375 0.958984375 0.4619140625
1 0.88671875 0.4404296875 0.892578125 0.4365234375 0.9033203125 0.400390625 0.9169921875 0.390625 0.9404296875 0.390625 0.951171875 0.3818359375 0.958984375 0.3623046875 0.9560546875 0.34765625 0.9228515625 0.337890625 0.9150390625 0.34375 0.8837890625 0.34375 0.833984375 0.3583984375 0.830078125 0.4130859375 0.8505859375 0.427734375 0.8623046875 0.427734375 0.8701171875 0.4375
13 0.3359375 0.2685546875 0.33984375 0.2333984375 0.3330078125 0.23046875