2 0.12109375 0.5849609375 0.1357421875 0.583984375 0.142578125 0.5771484375 0.14453125 0.5556640625 0.12890625 0.4990234375 0.1142578125 0.478515625 0.1064453125 0.478515625 0.091796875 0.4912109375 0.08984375 0.5341796875 0.103515625 0.5810546875
2 0.158203125 0.5205078125 0.181640625 0.5087890625 0.181640625 0.4794921875 0.1611328125 0.447265625 0.1455078125 0.4453125 0.12890625 0.4619140625 0.12890625 0.4951171875 0.1494140625 0.521484375
2 0.232421875 0.4794921875 0.25 0.4697265625 0.25390625 0.4501953125 0.2275390625 0.41796875 0.2080078125 0.416015625 0.193359375 0.4306640625 0.197265625 0.4677734375
6 0.072265625 0.5244140625 0.087890625 0.5146484375 0.091796875 0.4736328125 0.078125 0.4306640625 0.0615234375 0.416015625 0.0517578125 0.416015625 0.03515625 0.4287109375 0.037109375 0.4814453125 0.05859375 0.5224609375
2 0.09765625 0.4794921875 0.109375 0.4736328125 0.111328125 0.4580078125 0.09765625 0.4248046875 0.0791015625 0.4140625 0.0703125 0.4228515625 0.08203125 0.4365234375 0.091796875 0.4775390625
2 0.126953125 0.4638671875 0.146484375 0.4443359375 0.146484375 0.4345703125 0.1279296875 0.41015625 0.1181640625 0.41015625 0.1015625 0.4228515625 0.099609375 0.4345703125 0.111328125 0.4580078125
2 0.16015625 0.4345703125 0.169921875 0.4267578125 0.169921875 0.4150390625 0.158203125 0.3955078125 0.1298828125 0.396484375 0.126953125 0.4091796875 0.138671875 0.4248046875 0.1494140625 0.435546875
2 0.16015625 0.4345703125 0.169921875 0.4267578125 0.169921875 0.4150390625 0.154296875 0.3935546875 0.150390625 0.3623046875 0.1357421875 0.357421875 0.1171875 0.3701171875 0.11328125 0.3876953125 0.140625 0.4267578125 0.1494140625 0.435546875
2 0.416015625 0.3994140625 0.431640625 0.3876953125 0.4326171875 0.375 0.4404296875 0.388671875 0.458984375 0.3798828125 0.4609375 0.3525390625 0.4560546875 0.34765625 0.4345703125 0.341796875 0.4326171875 0.3671875 0.427734375 0.3486328125 0.4169921875 0.345703125 0.39453125 0.3662109375 0.390625 0.3935546875
2 0.58203125 0.3740234375 0.6015625 0.3564453125 0.6015625 0.3251953125 0.5947265625 0.3125 0.5791015625 0.314453125 0.564453125 0.3427734375 0.56640625 0.3701171875
2 0.529296875 0.3623046875 0.55078125 0.3505859375 0.552734375 0.3271484375 0.5458984375 0.31640625 0.5263671875 0.318359375 0.5 0.3486328125 0.5146484375 0.361328125
2 0.65625 0.4033203125 0.666015625 0.3798828125 0.666015625 0.3623046875 0.6640625 0.3544921875 0.6494140625 0.345703125 0.6416015625 0.34765625 0.6328125 0.3623046875 0.62890625 0.3994140625 0.6337890625 0.404296875
2 0.669921875 0.3701171875 0.67578125 0.3583984375 0.67578125 0.3251953125 0.6572265625 0.322265625 0.650390625 0.3427734375 0.6640625 0.3544921875
2 0.650390625 0.3076171875 0.65625 0.2822265625 0.654296875 0.2705078125 0.6455078125 0.267578125 0.63671875 0.2724609375 0.6328125 0.3056640625
2 0.712890625 0.3583984375 0.71484375 0.3212890625 0.7021484375 0.314453125 0.693359375 0.3232421875 0.69140625 0.3564453125
2 0.03125 0.4833984375 0.037109375 0.4794921875 0.03515625 0.4287109375 0.0244140625 0.427734375 0.013671875 0.4384765625 0.013671875 0.4677734375 0.0224609375 0.484375
2 0.005859375 0.4462890625 0.02734375 0.4248046875 0.025390625 0.3974609375 0.0146484375 0.390625 0 0.3955078125 0 0.4443359375
9 0.486328125 0.4462890625 0.498046875 0.4384765625 0.4931640625 0.384765625 0.48046875 0.4326171875
9 0.24609375 0.5517578125 0.25 0.5244140625 0.2412109375 0.48046875 0.234375 0.5009765625 0.240234375 0.5517578125
9 0.302734375 0.4150390625 0.3125 0.4130859375 0.3095703125 0.365234375 0.298828125 0.3740234375
9 0.52734375 0.4404296875 0.541015625 0.4326171875 0.5341796875 0.376953125 0.52734375 0.3916015625
9 0.611328125 0.4677734375 0.62109375 0.4560546875 0.6142578125 0.404296875 0.609375 0.4072265625 0.60546875 0.4580078125 0.60546875 0.4658203125
9 0.58203125 0.4736328125 0.591796875 0.4482421875 0.5888671875 0.40625 0.58203125 0.4150390625 0.58203125 0.4580078125 0.576171875 0.4697265625
9 0.572265625 0.4423828125 0.5712890625 0.384765625 0.564453125 0.3994140625 0.564453125 0.4248046875
9 0.693359375 0.4306640625 0.703125 0.4208984375 0.6943359375 0.37109375 0.6875 0.4267578125
9 0.806640625 0.4833984375 0.81640625 0.4716796875 0.8076171875 0.41796875 0.78515625 0.4521484375 0.78515625 0.4677734375
9 0.896484375 0.5166015625 0.900390625 0.4541015625 0.8935546875 0.4453125 0.888671875 0.5087890625
13 0.349609375 0.3955078125 0.3466796875 0.35546875 0.33984375 0.3603515625 0.33984375 0.3857421875
13 0.7265625 0.5107421875 0.7275390625 0.505859375 0.7548828125 0.5078125 0.771484375 0.4873046875 0.7705078125 0.48046875 0.7666015625 0.484375 0.7646484375 0.4765625 0.74609375 0.4697265625 0.75 0.4111328125 0.7587890625 0.412109375 0.765625 0.4013671875 0.75 0.3857421875 0.7578125 0.3701171875 0.7490234375 0.32421875 0.74609375 0.3369140625 0.732421875 0.3505859375 0.7265625 0.3876953125 0.728515625 0.4658203125 0.71875 0.4873046875