2 0.712890625 0.9130859375 0.728515625 0.8994140625 0.73046875 0.8447265625 0.7216796875 0.833984375 0.7001953125 0.83203125 0.6953125 0.8388671875 0.69140625 0.9013671875 0.6962890625 0.912109375
2 0.720703125 0.8056640625 0.73046875 0.7998046875 0.73046875 0.7548828125 0.7236328125 0.74609375 0.7080078125 0.74609375 0.701171875 0.7998046875
2 0.73046875 0.7138671875 0.73046875 0.6689453125 0.7158203125 0.6640625 0.708984375 0.6728515625 0.70703125 0.7060546875 0.7119140625 0.712890625
2 0.728515625 0.6435546875 0.728515625 0.6064453125 0.7099609375 0.6015625 0.705078125 0.6064453125 0.70703125 0.6416015625
2 0.716796875 0.5986328125 0.716796875 0.5654296875 0.6982421875 0.560546875 0.6953125 0.5947265625 0.7001953125 0.599609375
2 0.712890625 0.5576171875 0.71484375 0.5322265625 0.7109375 0.5185546875 0.7021484375 0.513671875 0.693359375 0.5224609375 0.69140625 0.5498046875 0.6962890625 0.55859375
2 0.65234375 0.5791015625 0.654296875 0.5498046875 0.6396484375 0.544921875 0.634765625 0.5771484375
2 0.64453125 0.5322265625 0.64453125 0.5029296875 0.6318359375 0.5 0.626953125 0.5283203125 0.6298828125 0.533203125
2 0.693359375 0.5244140625 0.701171875 0.5029296875 0.6884765625 0.494140625 0.6796875 0.5009765625 0.6796875 0.5146484375
6 0.75 0.5361328125 0.75 0.5009765625 0.7451171875 0.4921875 0.7314453125 0.4921875 0.728515625 0.5283203125 0.7333984375 0.53515625
2 0.6796875 0.5009765625 0.693359375 0.4931640625 0.6904296875 0.474609375 0.6796875 0.4755859375
1 0.65234375 0.4853515625 0.65625 0.4521484375 0.6494140625 0.443359375 0.6337890625 0.44140625 0.62890625 0.4462890625 0.63671875 0.4541015625 0.640625 0.4814453125
2 0.673828125 0.4853515625 0.681640625 0.4755859375 0.6767578125 0.458984375 0.666015625 0.4658203125 0.666015625 0.4833984375
2 0.66796875 0.4638671875 0.677734375 0.4580078125 0.6728515625 0.439453125 0.662109375 0.4443359375 0.662109375 0.4619140625
2 0.662109375 0.4423828125 0.666015625 0.4326171875 0.6552734375 0.421875 0.650390625 0.4365234375 0.6533203125 0.443359375
2 0.7890625 0.5263671875 0.794921875 0.5146484375 0.787109375 0.4990234375 0.7744140625 0.4921875 0.767578125 0.4970703125 0.765625 0.5146484375 0.7763671875 0.525390625
2 0.763671875 0.4912109375 0.76171875 0.4697265625 0.7470703125 0.466796875 0.744140625 0.4873046875
2 0.6796875 0.4033203125 0.677734375 0.3857421875 0.6689453125 0.384765625 0.666015625 0.4033203125
2 0.8984375 0.5029296875 0.8984375 0.4677734375 0.8837890625 0.46484375 0.880859375 0.4970703125 0.8857421875 0.50390625
2 0.85546875 0.5166015625 0.865234375 0.5146484375 0.861328125 0.4912109375 0.8466796875 0.48046875 0.8349609375 0.482421875 0.828125 0.4951171875 0.830078125 0.5048828125
2 0.732421875 0.4130859375 0.7236328125 0.39453125 0.708984375 0.3974609375 0.7099609375 0.412109375
6 0.630859375 0.4423828125 0.640625 0.4384765625 0.6376953125 0.421875 0.62109375 0.4267578125 0.625 0.4423828125
6 0.6328125 0.4208984375 0.634765625 0.4111328125 0.6279296875 0.40625 0.62109375 0.4111328125 0.62109375 0.4208984375
2 0.65625 0.4189453125 0.6533203125 0.40625 0.642578125 0.4111328125 0.6455078125 0.41796875