2 0.537109375 0.6376953125 0.5703125 0.6123046875 0.578125 0.5947265625 0.576171875 0.4951171875 0.5654296875 0.486328125 0.5361328125 0.48046875 0.4521484375 0.478515625 0.44140625 0.4951171875 0.39453125 0.5361328125 0.38671875 0.5693359375 0.390625 0.5966796875 0.4091796875 0.61328125 0.4482421875 0.607421875 0.5048828125 0.615234375 0.5205078125 0.6328125
9 0.08984375 0.6103515625 0.091796875 0.5908203125 0.08203125 0.5341796875 0.0693359375 0.51953125 0.06640625 0.5751953125 0.07421875 0.5986328125
9 0.0546875 0.6494140625 0.068359375 0.6435546875 0.068359375 0.6181640625 0.04296875 0.5537109375 0.0341796875 0.55078125 0.03515625 0.6494140625
9 0.11328125 0.6220703125 0.107421875 0.5986328125 0.107421875 0.5498046875 0.1015625 0.5322265625 0.0908203125 0.525390625 0.087890625 0.5654296875 0.09765625 0.5810546875 0.09375 0.6103515625 0.1025390625 0.609375 0.10546875 0.6201171875
9 0.25 0.7099609375 0.2529296875 0.689453125 0.26953125 0.6962890625 0.2578125 0.6767578125 0.2578125 0.6220703125 0.2431640625 0.6015625 0.23828125 0.6240234375 0.240234375 0.6943359375 0.2421875 0.7099609375
9 0.28515625 0.6865234375 0.27734375 0.6513671875 0.27734375 0.6220703125 0.283203125 0.6259765625 0.28125 0.5947265625 0.275390625 0.5810546875 0.2646484375 0.57421875 0.2578125 0.6181640625 0.263671875 0.6279296875 0.263671875 0.6552734375 0.265625 0.6650390625 0.27734375 0.6748046875 0.27734375 0.6865234375
9 0.279296875 0.5849609375 0.279296875 0.5576171875 0.275390625 0.5458984375 0.2666015625 0.541015625 0.263671875 0.5732421875
9 0.30859375 0.6396484375 0.302734375 0.5537109375 0.2880859375 0.52734375 0.28515625 0.6337890625 0.2958984375 0.60546875 0.302734375 0.6220703125 0.30078125 0.6376953125
9 0.63671875 0.7080078125 0.642578125 0.7001953125 0.642578125 0.6123046875 0.634765625 0.5888671875 0.6279296875 0.5859375 0.623046875 0.6318359375 0.626953125 0.6494140625 0.62109375 0.6728515625 0.625 0.7080078125
9 0.8671875 0.8369140625 0.876953125 0.7509765625 0.8720703125 0.689453125 0.8662109375 0.689453125 0.861328125 0.7001953125 0.865234375 0.7138671875 0.849609375 0.7861328125 0.853515625 0.8349609375
9 0.82421875 0.7880859375 0.826171875 0.7744140625 0.814453125 0.7451171875 0.822265625 0.7119140625 0.822265625 0.6708984375 0.81640625 0.6494140625 0.8076171875 0.64453125 0.802734375 0.6533203125 0.80859375 0.6708984375 0.80078125 0.6943359375 0.796875 0.7568359375 0.7890625 0.7744140625 0.802734375 0.7763671875 0.8056640625 0.751953125 0.81640625 0.7763671875 0.814453125 0.7880859375
9 0.18359375 0.4619140625 0.185546875 0.4052734375 0.181640625 0.3896484375 0.1748046875 0.38671875 0.16796875 0.3955078125 0.166015625 0.4150390625 0.17578125 0.4326171875 0.17578125 0.4580078125
2 0.123046875 0.4033203125 0.1328125 0.3955078125 0.130859375 0.3837890625 0.1064453125 0.375 0.107421875 0.3994140625
2 0.0703125 0.4169921875 0.099609375 0.4052734375 0.1015625 0.3779296875 0.0927734375 0.36328125 0.0576171875 0.36328125 0.03125 0.3837890625 0.025390625 0.4033203125 0.0302734375 0.4140625