2 0.15625 0.6162109375 0.1796875 0.6044921875 0.1875 0.5654296875 0.1875 0.5263671875 0.1748046875 0.509765625 0.1484375 0.5146484375 0.13671875 0.5595703125 0.140625 0.6142578125
2 0.123046875 0.5126953125 0.140625 0.4990234375 0.150390625 0.4697265625 0.150390625 0.4443359375 0.1376953125 0.4296875 0.1162109375 0.435546875 0.107421875 0.4580078125 0.109375 0.5126953125
2 0.18359375 0.4384765625 0.205078125 0.4287109375 0.20703125 0.3837890625 0.2001953125 0.376953125 0.1865234375 0.37890625 0.1796875 0.3876953125 0.177734375 0.4248046875
2 0.298828125 0.4072265625 0.318359375 0.4013671875 0.3076171875 0.35546875 0.2890625 0.3642578125 0.287109375 0.3955078125 0.291015625 0.4052734375
2 0.38671875 0.3974609375 0.3984375 0.3935546875 0.392578125 0.3330078125 0.3837890625 0.3203125 0.3681640625 0.3203125 0.36328125 0.3349609375 0.365234375 0.3779296875 0.3759765625 0.3984375
2 0.3515625 0.3662109375 0.3515625 0.3291015625 0.3427734375 0.318359375 0.3330078125 0.318359375 0.322265625 0.3349609375 0.326171875 0.3583984375 0.3310546875 0.3671875
2 0.44921875 0.3876953125 0.443359375 0.3291015625 0.4287109375 0.31640625 0.4130859375 0.318359375 0.412109375 0.3681640625 0.4267578125 0.388671875
2 0.15625 0.9990234375 0.15625 0.9501953125 0.146484375 0.8916015625 0.1337890625 0.869140625 0.1005859375 0.8671875 0.083984375 0.8779296875 0.076171875 0.8974609375 0.06640625 0.9052734375 0.0546875 0.9990234375
2 0.1484375 0.3779296875 0.1572265625 0.375 0.16796875 0.3583984375 0.16796875 0.3466796875 0.1572265625 0.3359375 0.1474609375 0.337890625 0.138671875 0.3525390625 0.140625 0.3779296875
2 0.1328125 0.3623046875 0.150390625 0.3330078125 0.150390625 0.3076171875 0.1435546875 0.294921875 0.1337890625 0.296875 0.1171875 0.3154296875 0.123046875 0.3603515625
2 0.17578125 0.3349609375 0.189453125 0.3271484375 0.189453125 0.3037109375 0.1845703125 0.298828125 0.169921875 0.3056640625 0.169921875 0.3330078125
2 0.20703125 0.3388671875 0.220703125 0.3330078125 0.220703125 0.3076171875 0.2119140625 0.30078125 0.201171875 0.3076171875 0.201171875 0.3369140625
2 0.193359375 0.2900390625 0.19921875 0.2763671875 0.1904296875 0.26953125 0.185546875 0.2900390625
2 0.2265625 0.2919921875 0.232421875 0.2822265625 0.2216796875 0.265625 0.21484375 0.2705078125 0.212890625 0.2880859375
2 0.177734375 0.2490234375 0.1796875 0.2333984375 0.1708984375 0.232421875 0.169921875 0.2490234375
2 0.287109375 0.3349609375 0.2919921875 0.32421875 0.3046875 0.3193359375 0.2958984375 0.29296875 0.2841796875 0.29296875 0.27734375 0.3017578125 0.28125 0.3349609375
2 0.322265625 0.3349609375 0.32421875 0.3251953125 0.337890625 0.3134765625 0.333984375 0.2900390625 0.3271484375 0.28515625 0.31640625 0.2919921875 0.31640625 0.3291015625
2 0.3046875 0.2646484375 0.3046875 0.2431640625 0.2978515625 0.234375 0.2900390625 0.234375 0.287109375 0.2587890625 0.2919921875 0.265625
13 0.337890625 0.2685546875 0.33984375 0.2333984375 0.3330078125 0.23046875 0.330078125 0.2548828125 0.33203125 0.2685546875
6 0.548828125 0.3837890625 0.5576171875 0.380859375 0.564453125 0.3681640625 0.560546875 0.3447265625 0.5224609375 0.3046875 0.4892578125 0.302734375 0.48046875 0.3447265625 0.484375 0.3642578125
6 0.771484375 0.4775390625 0.80859375 0.4658203125 0.810546875 0.4111328125 0.7998046875 0.40234375 0.7705078125 0.408203125 0.748046875 0.4404296875 0.74609375 0.4697265625
2 0.712890625 0.4111328125 0.71875 0.4072265625 0.71875 0.3837890625 0.6826171875 0.359375 0.6669921875 0.359375 0.66015625 0.3681640625 0.658203125 0.3974609375 0.662109375 0.3994140625 0.6708984375 0.376953125 0.6748046875 0.404296875
2 0.85546875 0.4912109375 0.8662109375 0.482421875 0.8779296875 0.482421875 0.8828125 0.4697265625 0.876953125 0.4384765625 0.8583984375 0.427734375 0.84375 0.4365234375 0.828125 0.4619140625 0.830078125 0.4814453125
2 0.9140625 0.5322265625 0.92578125 0.4912109375 0.92578125 0.4638671875 0.9091796875 0.455078125 0.896484375 0.4736328125 0.888671875 0.5146484375 0.8994140625 0.529296875
2 0.900390625 0.4619140625 0.912109375 0.4501953125 0.921875 0.4228515625 0.9072265625 0.41015625 0.8935546875 0.408203125 0.8828125 0.4208984375 0.87890625 0.4423828125 0.8896484375 0.4609375
2 0.939453125 0.4755859375 0.958984375 0.4365234375 0.9443359375 0.427734375 0.9306640625 0.427734375 0.91796875 0.4384765625 0.9140625 0.4541015625 0.9306640625 0.4765625
2 0.982421875 0.4345703125 0.990234375 0.4208984375 0.990234375 0.3994140625 0.9736328125 0.390625 0.966796875 0.3935546875 0.9609375 0.4150390625 0.9716796875 0.435546875
2 0.927734375 0.4228515625 0.935546875 0.4189453125 0.935546875 0.4013671875 0.9169921875 0.396484375 0.91015625 0.4111328125
9 0.447265625 0.4443359375 0.4384765625 0.388671875 0.435546875 0.4365234375
9 0.490234375 0.4013671875 0.482421875 0.3525390625 0.4775390625 0.3515625 0.470703125 0.3857421875 0.4794921875 0.40234375
9 0.490234375 0.4013671875 0.482421875 0.3525390625 0.4775390625 0.3515625 0.470703125 0.3857421875 0.4794921875 0.40234375
8 0.490234375 0.4013671875 0.4794921875 0.349609375 0.47265625 0.3583984375 0.470703125 0.3857421875 0.4794921875 0.40234375
3 0.755859375 0.5634765625 0.748046875 0.4990234375 0.7392578125 0.486328125 0.7265625 0.5185546875 0.7265625 0.5361328125 0.7470703125 0.5625
9 0.609375 0.4033203125 0.611328125 0.3720703125 0.6044921875 0.361328125 0.599609375 0.3916015625 0.6015625 0.4033203125
9 0.630859375 0.4072265625 0.62890625 0.3681640625 0.6240234375 0.365234375 0.619140625 0.4072265625
13 0.69140625 0.3505859375 0.693359375 0.3291015625 0.6884765625 0.326171875 0.68359375 0.3427734375