2 0.416015625 0.9990234375 0.408203125 0.9501953125 0.359375 0.8544921875 0.3486328125 0.84375 0.3212890625 0.833984375 0.2724609375 0.849609375 0.26171875 0.8720703125 0.265625 0.9091796875 0.28515625 0.9580078125 0.298828125 0.9716796875 0.3046875 0.9990234375
2 0.41796875 0.9990234375 0.412109375 0.9599609375 0.38671875 0.9013671875 0.359375 0.8525390625 0.326171875 0.8349609375 0.28515625 0.7314453125 0.2607421875 0.701171875 0.2275390625 0.7109375 0.220703125 0.7294921875 0.224609375 0.8056640625 0.251953125 0.8564453125 0.267578125 0.9267578125 0.29296875 0.9697265625 0.302734375 0.9990234375
2 0.134765625 0.6826171875 0.1416015625 0.673828125 0.1650390625 0.671875 0.1689453125 0.6796875 0.177734375 0.6748046875 0.1796875 0.5888671875 0.1689453125 0.5859375 0.1630859375 0.591796875 0.146484375 0.5751953125 0.1416015625 0.55078125 0.13671875 0.5556640625 0.140625 0.5732421875 0.115234375 0.6064453125 0.1171875 0.6494140625 0.126953125 0.6806640625
2 0.22265625 0.6025390625 0.24609375 0.5986328125 0.244140625 0.5322265625 0.2275390625 0.517578125 0.2021484375 0.51953125 0.1875 0.5439453125 0.1875 0.5791015625 0.2001953125 0.58984375 0.20703125 0.5849609375 0.2099609375 0.603515625
2 0.330078125 0.5615234375 0.333984375 0.5380859375 0.3203125 0.4970703125 0.2822265625 0.484375 0.2734375 0.5068359375 0.275390625 0.5380859375 0.2958984375 0.5625
2 0.2578125 0.5263671875 0.271484375 0.5224609375 0.27734375 0.4892578125 0.271484375 0.4697265625 0.2490234375 0.4609375 0.23828125 0.4677734375 0.232421875 0.4912109375 0.236328125 0.5107421875
2 0.48828125 0.7119140625 0.50390625 0.7080078125 0.5078125 0.6806640625 0.529296875 0.6611328125 0.513671875 0.6416015625 0.50390625 0.6083984375 0.4736328125 0.58203125 0.4482421875 0.578125 0.435546875 0.5869140625 0.427734375 0.6357421875 0.4296875 0.6669921875
2 0.603515625 0.7900390625 0.6240234375 0.78515625 0.634765625 0.7724609375 0.630859375 0.7353515625 0.607421875 0.6943359375 0.5849609375 0.66796875 0.5693359375 0.66015625 0.5224609375 0.669921875 0.509765625 0.6845703125 0.505859375 0.7001953125 0.513671875 0.7373046875 0.5283203125 0.740234375 0.5537109375 0.759765625 0.5771484375 0.7890625
2 0.77734375 0.9248046875 0.80078125 0.9052734375 0.806640625 0.8896484375 0.8046875 0.8583984375 0.796875 0.8408203125 0.7392578125 0.765625 0.7041015625 0.75 0.6787109375 0.75390625 0.662109375 0.7744140625 0.650390625 0.8056640625 0.65625 0.8544921875 0.6611328125 0.859375 0.6748046875 0.857421875 0.6943359375 0.87109375 0.732421875 0.9033203125 0.7431640625 0.923828125
2 0.966796875 0.9990234375 0.96875 0.9853515625 0.9580078125 0.984375 0.94921875 0.9658203125 0.9677734375 0.962890625 0.978515625 0.9462890625 0.98046875 0.8916015625 0.9697265625 0.880859375 0.9267578125 0.857421875 0.9013671875 0.853515625 0.8642578125 0.875 0.8310546875 0.880859375 0.80859375 0.8994140625 0.802734375 0.9423828125 0.8125 0.9638671875 0.8310546875 0.97265625 0.8369140625 0.966796875 0.87109375 0.9677734375 0.8544921875 0.974609375 0.8447265625 0.96875 0.8388671875 0.978515625 0.8310546875 0.974609375 0.8232421875 0.9765625 0.8232421875 0.982421875 0.8447265625 0.982421875 0.8779296875 1
2 0.162109375 0.4638671875 0.177734375 0.4599609375 0.177734375 0.4384765625 0.166015625 0.3994140625 0.1513671875 0.39453125 0.146484375 0.4033203125 0.1484375 0.4560546875
2 0.123046875 0.4580078125 0.125 0.4248046875 0.1181640625 0.4140625 0.1083984375 0.4140625 0.1015625 0.4267578125 0.1015625 0.4560546875
6 0.220703125 0.4873046875 0.2353515625 0.458984375 0.2470703125 0.462890625 0.2578125 0.4580078125 0.2548828125 0.4296875 0.23828125 0.4541015625 0.244140625 0.4248046875 0.2333984375 0.419921875 0.212890625 0.4228515625 0.203125 0.4560546875 0.20703125 0.4814453125
2 0.09375 0.4150390625 0.103515625 0.4091796875 0.0966796875 0.384765625 0.08203125 0.3916015625
2 0.203125 0.4716796875 0.212890625 0.4169921875 0.2001953125 0.41015625 0.185546875 0.4169921875 0.177734375 0.4404296875 0.1796875 0.4501953125