2 0.642578125 0.6923828125 0.662109375 0.6845703125 0.671875 0.6552734375 0.6640625 0.5966796875 0.6474609375 0.564453125 0.6201171875 0.55859375 0.5751953125 0.560546875 0.494140625 0.6142578125 0.486328125 0.6552734375 0.4931640625 0.6796875 0.5244140625 0.69140625 0.5322265625 0.681640625 0.5380859375 0.6875 0.5478515625 0.677734375 0.6220703125 0.67578125 0.6279296875 0.689453125
2 0.24609375 0.6005859375 0.28125 0.5693359375 0.28515625 0.5517578125 0.28125 0.5146484375 0.2392578125 0.48828125 0.1962890625 0.486328125 0.1630859375 0.51171875 0.1337890625 0.5234375 0.1171875 0.5419921875 0.1171875 0.5830078125 0.1376953125 0.599609375 0.1494140625 0.599609375 0.1611328125 0.587890625 0.1865234375 0.587890625 0.2177734375 0.58984375 0.2333984375 0.6015625
2 0.294921875 0.2861328125 0.3359375 0.2763671875 0.337890625 0.2548828125 0.3291015625 0.2421875 0.3037109375 0.240234375 0.296875 0.2568359375 0.2919921875 0.25390625 0.27734375 0.2666015625 0.27734375 0.2841796875
2 0.587890625 0.4423828125 0.59375 0.4326171875 0.5947265625 0.404296875 0.6015625 0.4111328125 0.6044921875 0.431640625 0.62890625 0.4228515625 0.642578125 0.3857421875 0.642578125 0.3603515625 0.6337890625 0.34375 0.5947265625 0.34375 0.548828125 0.3994140625 0.55078125 0.4345703125
2 0.53125 0.4208984375 0.583984375 0.3525390625 0.5791015625 0.33984375 0.5400390625 0.33984375 0.498046875 0.3779296875 0.49609375 0.4072265625
2 0.796875 0.6162109375 0.82421875 0.6044921875 0.83203125 0.5283203125 0.8291015625 0.490234375 0.8095703125 0.5 0.7880859375 0.521484375 0.7626953125 0.533203125 0.751953125 0.5537109375 0.751953125 0.5986328125 0.7587890625 0.607421875
2 0.896484375 0.6201171875 0.912109375 0.6044921875 0.91015625 0.5068359375 0.8955078125 0.4921875 0.8466796875 0.48828125 0.841796875 0.4931640625 0.8359375 0.6025390625 0.8720703125 0.609375 0.8818359375 0.62109375
2 0.669921875 0.4814453125 0.677734375 0.4658203125 0.697265625 0.4521484375 0.69921875 0.3994140625 0.6904296875 0.375 0.6669921875 0.369140625 0.64453125 0.3837890625 0.6328125 0.4052734375 0.623046875 0.4599609375 0.625 0.4736328125 0.6318359375 0.478515625
2 0.7890625 0.4560546875 0.794921875 0.3837890625 0.7919921875 0.376953125 0.7802734375 0.376953125 0.76953125 0.3974609375 0.767578125 0.4404296875
2 0.728515625 0.3505859375 0.74609375 0.3466796875 0.75390625 0.3076171875 0.7451171875 0.30078125 0.7158203125 0.30078125 0.70703125 0.3115234375 0.705078125 0.3369140625 0.7177734375 0.349609375
2 0.6875 0.3076171875 0.693359375 0.3056640625 0.705078125 0.2763671875 0.6982421875 0.267578125 0.6806640625 0.267578125 0.671875 0.2783203125 0.671875 0.3017578125
2 0.6640625 0.2802734375 0.6806640625 0.267578125 0.6962890625 0.267578125 0.697265625 0.2607421875 0.6787109375 0.2421875 0.6513671875 0.240234375 0.642578125 0.2626953125 0.64453125 0.2724609375
2 0.76171875 0.2841796875 0.767578125 0.2705078125 0.7451171875 0.2421875 0.712890625 0.2412109375 0.705078125 0.2587890625 0.7119140625 0.2734375 0.7373046875 0.283203125
2 0.95703125 0.3310546875 0.966796875 0.3037109375 0.974609375 0.2978515625 0.9541015625 0.2890625 0.93359375 0.2978515625 0.9296875 0.3193359375 0.9345703125 0.328125
2 0.919921875 0.2939453125 0.919921875 0.2763671875 0.9013671875 0.26171875 0.8779296875 0.2578125 0.869140625 0.2646484375 0.865234375 0.2822265625 0.8701171875 0.291015625
2 0.984375 0.3408203125 0.98828125 0.3251953125 1 0.3154296875 1 0.3017578125 0.9716796875 0.298828125 0.96484375 0.3056640625 0.9609375 0.3291015625 0.9658203125 0.337890625
2 0.33984375 0.2216796875 0.345703125 0.2177734375 0.345703125 0.2041015625 0.3388671875 0.19140625 0.3310546875 0.19140625 0.322265625 0.1982421875 0.318359375 0.2177734375 0.3212890625 0.22265625
2 0.29296875 0.2275390625 0.298828125 0.2216796875 0.294921875 0.1982421875 0.2802734375 0.193359375 0.26953125 0.2099609375 0.26953125 0.2255859375
2 0.392578125 0.1845703125 0.39453125 0.1669921875 0.3837890625 0.16015625 0.376953125 0.1669921875 0.376953125 0.1845703125
2 0.375 0.1708984375 0.373046875 0.1513671875 0.3642578125 0.150390625 0.359375 0.1689453125
9 0.607421875 0.4794921875 0.6015625 0.4091796875 0.5927734375 0.404296875 0.591796875 0.4404296875 0.580078125 0.4775390625 0.587890625 0.4775390625 0.5966796875 0.45703125 0.6015625 0.4794921875
13 0.962890625 0.5478515625 0.97265625 0.4794921875 0.9560546875 0.4609375 0.94140625 0.4736328125 0.939453125 0.5107421875 0.947265625 0.5185546875 0.947265625 0.5419921875
13 0.212890625 0.3251953125 0.216796875 0.2861328125 0.2041015625 0.275390625 0.193359375 0.2861328125 0.193359375 0.3017578125 0.201171875 0.3232421875
13 0.423828125 0.3212890625 0.427734375 0.2958984375 0.4208984375 0.291015625 0.412109375 0.2958984375 0.412109375 0.3154296875
2 0.861328125 0.2568359375 0.873046875 0.2470703125 0.8583984375 0.244140625 0.853515625 0.2568359375
2 0.845703125 0.2744140625 0.8466796875 0.248046875 0.826171875 0.2626953125 0.8349609375 0.275390625
2 0.865234375 0.2822265625 0.8740234375 0.259765625 0.896484375 0.2568359375 0.8740234375 0.25 0.8544921875 0.259765625 0.8515625 0.2783203125