2 0.18359375 0.6162109375 0.2119140625 0.6015625 0.21875 0.5869140625 0.21875 0.5576171875 0.1923828125 0.505859375 0.158203125 0.5224609375 0.15625 0.5517578125 0.1484375 0.5615234375 0.162109375 0.6044921875 0.1728515625 0.6171875
2 0.951171875 0.7490234375 0.9609375 0.7353515625 0.966796875 0.6884765625 0.958984375 0.6689453125 0.9482421875 0.66015625 0.931640625 0.7392578125 0.9404296875 0.748046875
2 0.91796875 0.7314453125 0.9296875 0.7001953125 0.935546875 0.6376953125 0.9111328125 0.611328125 0.8681640625 0.603515625 0.857421875 0.6162109375 0.8515625 0.6376953125 0.849609375 0.6865234375 0.9052734375 0.728515625
2 0.263671875 0.3115234375 0.271484375 0.2958984375 0.2587890625 0.279296875 0.23046875 0.2861328125 0.2373046875 0.30859375
8 0.458984375 0.4130859375 0.458984375 0.3720703125 0.4443359375 0.34375 0.44140625 0.3544921875 0.4326171875 0.3515625 0.423828125 0.3662109375 0.419921875 0.4091796875
9 0.681640625 0.4111328125 0.69140625 0.4052734375 0.6865234375 0.361328125 0.681640625 0.3642578125 0.67578125 0.4052734375 0.67578125 0.4111328125
9 0.58984375 0.3974609375 0.595703125 0.3525390625 0.5869140625 0.341796875 0.583984375 0.3798828125
2 0.875 0.4384765625 0.88671875 0.4208984375 0.890625 0.3935546875 0.888671875 0.3720703125 0.8701171875 0.361328125 0.85546875 0.3837890625 0.849609375 0.4267578125
2 0.90625 0.4658203125 0.916015625 0.4501953125 0.91796875 0.4169921875 0.9072265625 0.40234375 0.8974609375 0.40234375 0.8828125 0.4326171875 0.8828125 0.4541015625
2 0.9296875 0.5107421875 0.943359375 0.4912109375 0.947265625 0.4638671875 0.95703125 0.4482421875 0.95703125 0.4345703125 0.9384765625 0.421875 0.92578125 0.4345703125 0.9140625 0.4892578125 0.916015625 0.5009765625
2 0.931640625 0.4111328125 0.9375 0.3896484375 0.9208984375 0.380859375 0.91015625 0.4033203125