2 0.126953125 0.7744140625 0.15625 0.7099609375 0.15625 0.6337890625 0.1396484375 0.603515625 0.0966796875 0.6015625 0.080078125 0.6142578125 0.05859375 0.6552734375 0.048828125 0.6630859375 0.05078125 0.6748046875 0.037109375 0.7216796875 0.037109375 0.7685546875 0.0458984375 0.7734375 0.0595703125 0.765625 0.0810546875 0.765625 0.0947265625 0.7734375
2 0.201171875 0.6103515625 0.21484375 0.5751953125 0.2109375 0.4873046875 0.2041015625 0.48046875 0.1728515625 0.478515625 0.16015625 0.4931640625 0.1484375 0.5322265625 0.142578125 0.5361328125 0.138671875 0.5986328125 0.1474609375 0.607421875 0.1728515625 0.603515625
2 0.13671875 0.5009765625 0.150390625 0.4736328125 0.1484375 0.4267578125 0.1376953125 0.3984375 0.1103515625 0.396484375 0.087890625 0.4326171875 0.0859375 0.4970703125 0.0966796875 0.501953125 0.1220703125 0.494140625
2 0.232421875 0.4384765625 0.236328125 0.4189453125 0.23046875 0.3740234375 0.2255859375 0.3671875 0.2080078125 0.3671875 0.201171875 0.3740234375 0.197265625 0.3955078125 0.1953125 0.4384765625
2 0.236328125 0.3779296875 0.228515625 0.3271484375 0.2080078125 0.328125 0.201171875 0.3662109375 0.2255859375 0.3671875
4 0.1640625 0.3466796875 0.1640625 0.2431640625 0.1259765625 0.240234375 0.12109375 0.2431640625 0.119140625 0.3408203125 0.1240234375 0.345703125
1 0.33203125 0.6904296875 0.34765625 0.6845703125 0.349609375 0.5791015625 0.359375 0.5693359375 0.359375 0.5361328125 0.349609375 0.5224609375 0.349609375 0.4072265625 0.3310546875 0.369140625 0.2705078125 0.365234375 0.259765625 0.3837890625 0.248046875 0.4326171875 0.24609375 0.5185546875 0.236328125 0.5517578125 0.23828125 0.5693359375 0.25 0.5830078125 0.248046875 0.6845703125 0.2666015625 0.69140625
2 0.36328125 0.3837890625 0.365234375 0.3408203125 0.3505859375 0.322265625 0.3369140625 0.322265625 0.330078125 0.3330078125 0.330078125 0.3642578125 0.3408203125 0.3828125
2 0.267578125 0.3564453125 0.2763671875 0.341796875 0.294921875 0.3388671875 0.2841796875 0.306640625 0.2724609375 0.306640625 0.26171875 0.3154296875 0.2578125 0.3486328125
2 0.19921875 0.3466796875 0.2060546875 0.328125 0.23046875 0.3232421875 0.2197265625 0.2890625 0.2021484375 0.2890625 0.197265625 0.2958984375
2 0.953125 0.4814453125 0.984375 0.4755859375 0.984375 0.4443359375 0.9580078125 0.421875 0.9189453125 0.421875 0.912109375 0.4306640625 0.912109375 0.4658203125 0.9443359375 0.482421875
2 0.1328125 0.2236328125 0.134765625 0.1884765625 0.1259765625 0.181640625 0.1142578125 0.18359375 0.107421875 0.1923828125 0.107421875 0.2216796875 0.1328125 0.2236328125