2 0.533203125 0.9462890625 0.544921875 0.9345703125 0.55078125 0.9033203125 0.5947265625 0.861328125 0.615234375 0.8564453125 0.623046875 0.8330078125 0.625 0.7880859375 0.619140625 0.7724609375 0.5986328125 0.7578125 0.5244140625 0.744140625 0.486328125 0.7724609375 0.4765625 0.7998046875 0.435546875 0.8388671875 0.4296875 0.8525390625 0.4296875 0.9033203125 0.4443359375 0.921875 0.4716796875 0.9375
2 0.40625 0.7900390625 0.4248046875 0.787109375 0.4482421875 0.7578125 0.4716796875 0.740234375 0.486328125 0.7392578125 0.494140625 0.7001953125 0.48828125 0.6767578125 0.4794921875 0.66796875 0.4521484375 0.66015625 0.4208984375 0.6640625 0.3984375 0.6865234375 0.375 0.7236328125 0.365234375 0.7509765625 0.3671875 0.7763671875 0.3798828125 0.787109375
2 0.23046875 0.9267578125 0.2548828125 0.923828125 0.2705078125 0.8984375 0.3212890625 0.859375 0.34375 0.8544921875 0.349609375 0.8310546875 0.34765625 0.8017578125 0.341796875 0.7802734375 0.3212890625 0.75390625 0.2958984375 0.75 0.2607421875 0.765625 0.228515625 0.7998046875 0.220703125 0.8212890625 0.205078125 0.8369140625 0.189453125 0.8916015625 0.2060546875 0.916015625
2 0.126953125 0.9990234375 0.1611328125 0.978515625 0.1767578125 0.982421875 0.185546875 0.9736328125 0.197265625 0.9423828125 0.1875 0.8955078125 0.1728515625 0.8828125 0.1357421875 0.875 0.0966796875 0.853515625 0.0693359375 0.859375 0.0263671875 0.8828125 0.017578125 0.8935546875 0.017578125 0.9404296875 0.03125 0.9716796875 0.02734375 0.9990234375
2 0.515625 0.7119140625 0.5537109375 0.67578125 0.5654296875 0.67578125 0.5703125 0.6689453125 0.572265625 0.6318359375 0.56640625 0.5966796875 0.5537109375 0.578125 0.5341796875 0.578125 0.5029296875 0.599609375 0.484375 0.6435546875 0.470703125 0.6591796875 0.48828125 0.6728515625 0.49609375 0.7080078125
2 0.705078125 0.5615234375 0.7265625 0.5263671875 0.724609375 0.4970703125 0.7177734375 0.486328125 0.6845703125 0.4921875 0.666015625 0.5380859375 0.6708984375 0.5625
2 0.76171875 0.5400390625 0.763671875 0.5302734375 0.7587890625 0.52734375 0.751953125 0.5380859375
2 0.748046875 0.5576171875 0.7666015625 0.556640625 0.783203125 0.5361328125 0.77734375 0.4912109375 0.7646484375 0.474609375 0.74609375 0.4873046875 0.73046875 0.5263671875 0.732421875 0.5556640625
6 0.837890625 0.5556640625 0.85546875 0.5322265625 0.85546875 0.4853515625 0.8447265625 0.45703125 0.8232421875 0.455078125 0.8046875 0.4677734375 0.80078125 0.5439453125 0.8076171875 0.552734375 0.8271484375 0.548828125
2 0.869140625 0.6826171875 0.8828125 0.6494140625 0.884765625 0.6083984375 0.8681640625 0.583984375 0.8466796875 0.580078125 0.82421875 0.6298828125 0.822265625 0.6728515625 0.8251953125 0.6796875 0.8486328125 0.673828125
9 0.85546875 0.9208984375 0.8623046875 0.890625 0.8671875 0.8994140625 0.87109375 0.8623046875 0.87890625 0.8447265625 0.876953125 0.8095703125 0.8681640625 0.787109375 0.8515625 0.8115234375
9 0.896484375 0.8681640625 0.916015625 0.8447265625 0.9052734375 0.798828125 0.892578125 0.8154296875 0.88671875 0.8427734375 0.888671875 0.8623046875
2 0.744140625 0.8798828125 0.779296875 0.8017578125 0.78125 0.7724609375 0.77734375 0.7177734375 0.7646484375 0.705078125 0.7509765625 0.701171875 0.7373046875 0.701171875 0.71484375 0.7294921875 0.693359375 0.7685546875 0.67578125 0.8193359375 0.6826171875 0.83203125 0.7333984375 0.849609375 0.73828125 0.8759765625
2 0.701171875 0.9990234375 0.71484375 0.9853515625 0.71484375 0.9775390625 0.69140625 0.9716796875 0.72265625 0.9658203125 0.734375 0.9326171875 0.73828125 0.8720703125 0.732421875 0.8564453125 0.7216796875 0.84765625 0.6728515625 0.8359375 0.6513671875 0.841796875 0.619140625 0.8896484375 0.59375 0.9443359375 0.58203125 0.9990234375
6 0.75 0.4580078125 0.74609375 0.4560546875 0.755859375 0.4462890625 0.7451171875 0.4296875 0.744140625 0.4580078125
6 0.783203125 0.4853515625 0.794921875 0.4638671875 0.79296875 0.4365234375 0.7841796875 0.419921875 0.7666015625 0.419921875 0.755859375 0.4248046875 0.76171875 0.4560546875 0.767578125 0.4736328125
2 0.84765625 0.4560546875 0.84375 0.4326171875 0.8271484375 0.4296875 0.818359375 0.4560546875
2 0.865234375 0.4462890625 0.869140625 0.4228515625 0.8564453125 0.41015625 0.849609375 0.4130859375 0.84375 0.4345703125 0.8505859375 0.447265625
2 0.927734375 0.4404296875 0.9296875 0.4091796875 0.9228515625 0.3984375 0.9150390625 0.3984375 0.908203125 0.4130859375 0.908203125 0.4345703125 0.9150390625 0.44140625
9 0.927734375 0.5908203125 0.93359375 0.5654296875 0.9306640625 0.521484375 0.919921875 0.5400390625
9 0.935546875 0.5107421875 0.943359375 0.4697265625 0.9306640625 0.462890625 0.92578125 0.4716796875 0.92578125 0.5087890625
9 0.615234375 0.5849609375 0.623046875 0.5810546875 0.6181640625 0.515625 0.609375 0.5263671875 0.609375 0.5830078125