2 0.26171875 0.4951171875 0.2939453125 0.4921875 0.298828125 0.4853515625 0.294921875 0.4326171875 0.2822265625 0.412109375 0.2568359375 0.4140625 0.244140625 0.4365234375 0.24609375 0.4697265625 0.255859375 0.4931640625
2 0.36328125 0.5927734375 0.3896484375 0.5859375 0.404296875 0.5732421875 0.400390625 0.5361328125 0.3720703125 0.501953125 0.3408203125 0.5078125 0.3232421875 0.517578125 0.314453125 0.5302734375 0.318359375 0.5595703125 0.3349609375 0.564453125 0.353515625 0.5888671875
2 0.498046875 0.7470703125 0.4970703125 0.673828125 0.478515625 0.6923828125 0.47265625 0.7236328125 0.4892578125 0.748046875
2 0.5703125 0.8017578125 0.6025390625 0.787109375 0.62109375 0.7705078125 0.62109375 0.7177734375 0.607421875 0.6923828125 0.5654296875 0.662109375 0.5166015625 0.666015625 0.5078125 0.7021484375 0.5078125 0.7470703125
2 0.591796875 0.5517578125 0.603515625 0.5439453125 0.6103515625 0.529296875 0.6259765625 0.525390625 0.6376953125 0.53125 0.6484375 0.5146484375 0.64453125 0.4755859375 0.6201171875 0.453125 0.5869140625 0.462890625 0.556640625 0.5048828125 0.556640625 0.5400390625
2 0.55078125 0.5205078125 0.55859375 0.4970703125 0.59765625 0.4560546875 0.5947265625 0.447265625 0.5771484375 0.44140625 0.5556640625 0.4453125 0.533203125 0.4697265625 0.5234375 0.5146484375
2 0.6484375 0.4775390625 0.6552734375 0.451171875 0.6650390625 0.470703125 0.68359375 0.4658203125 0.681640625 0.4267578125 0.6708984375 0.4140625 0.6513671875 0.412109375 0.6396484375 0.41796875 0.6171875 0.4501953125 0.6357421875 0.4609375
13 0.509765625 0.9111328125 0.517578125 0.8876953125 0.52734375 0.8818359375 0.533203125 0.8681640625 0.5234375 0.8525390625 0.533203125 0.8251953125 0.5234375 0.8154296875 0.537109375 0.7939453125 0.5234375 0.7822265625 0.5234375 0.7646484375 0.5126953125 0.751953125 0.505859375 0.7529296875 0.5 0.8310546875 0.5 0.8759765625
9 0.3203125 0.9990234375 0.328125 0.9736328125 0.328125 0.9306640625 0.314453125 0.9091796875 0.3076171875 0.908203125 0.29296875 0.9599609375 0.30859375 0.9755859375 0.30859375 0.9990234375
9 0.45703125 0.9990234375 0.45703125 0.9365234375 0.4501953125 0.931640625 0.423828125 0.9736328125 0.419921875 0.9951171875 0.4228515625 1
2 0.298828125 0.4365234375 0.31640625 0.4228515625 0.318359375 0.4033203125 0.3056640625 0.3828125 0.2880859375 0.380859375 0.275390625 0.3896484375 0.26953125 0.4091796875 0.2841796875 0.412109375
2 0.40625 0.3837890625 0.4228515625 0.376953125 0.427734375 0.3623046875 0.4111328125 0.337890625 0.3994140625 0.3359375 0.380859375 0.3466796875 0.37890625 0.3740234375 0.3857421875 0.380859375
9 0.74609375 0.7060546875 0.75390625 0.6376953125 0.7490234375 0.603515625 0.734375 0.6298828125 0.736328125 0.6943359375
9 0.728515625 0.7001953125 0.736328125 0.6318359375 0.7275390625 0.59765625 0.71875 0.6083984375 0.71484375 0.6357421875 0.705078125 0.6533203125 0.703125 0.6904296875 0.7158203125 0.69921875 0.7197265625 0.6875 0.72265625 0.7001953125
9 0.685546875 0.6904296875 0.6884765625 0.677734375 0.6953125 0.6826171875 0.701171875 0.6455078125 0.6982421875 0.599609375 0.6875 0.6083984375 0.681640625 0.6259765625
13 0.80859375 0.7685546875 0.82421875 0.6513671875 0.837890625 0.6298828125 0.845703125 0.5927734375 0.853515625 0.5849609375 0.8349609375 0.548828125 0.8203125 0.5615234375 0.81640625 0.5751953125 0.822265625 0.6142578125 0.802734375 0.7431640625 0.802734375 0.7685546875