6 0.24609375 0.7392578125 0.2939453125 0.732421875 0.298828125 0.6884765625 0.28125 0.6220703125 0.2412109375 0.578125 0.2255859375 0.578125 0.20703125 0.5869140625 0.203125 0.6708984375 0.23046875 0.7119140625 0.236328125 0.7353515625
6 0.818359375 0.7724609375 0.8349609375 0.771484375 0.876953125 0.7353515625 0.888671875 0.6923828125 0.888671875 0.6630859375 0.876953125 0.6259765625 0.8427734375 0.609375 0.8017578125 0.619140625 0.783203125 0.6318359375 0.765625 0.7099609375 0.763671875 0.7490234375 0.7783203125 0.759765625
2 0.38671875 0.6689453125 0.4345703125 0.654296875 0.439453125 0.6162109375 0.4130859375 0.57421875 0.3798828125 0.564453125 0.3603515625 0.568359375 0.3359375 0.5947265625 0.33203125 0.6298828125 0.3681640625 0.6484375 0.373046875 0.6611328125
2 0.123046875 0.6318359375 0.1279296875 0.623046875 0.1337890625 0.630859375 0.15625 0.6259765625 0.146484375 0.5361328125 0.1279296875 0.509765625 0.1044921875 0.513671875 0.08984375 0.5419921875 0.1015625 0.6044921875 0.111328125 0.6279296875
6 0.279296875 0.6123046875 0.2890625 0.5927734375 0.2890625 0.5185546875 0.2607421875 0.505859375 0.2509765625 0.494140625 0.2373046875 0.494140625 0.216796875 0.5087890625 0.20703125 0.5341796875 0.20703125 0.5791015625 0.2431640625 0.578125
2 0.3125 0.5986328125 0.3291015625 0.595703125 0.35546875 0.5732421875 0.357421875 0.5654296875 0.337890625 0.5380859375 0.3359375 0.5185546875 0.3037109375 0.5078125 0.2890625 0.5205078125 0.287109375 0.5693359375 0.2890625 0.5869140625
2 0.642578125 0.6708984375 0.6552734375 0.658203125 0.689453125 0.6494140625 0.6953125 0.6181640625 0.6845703125 0.599609375 0.6591796875 0.58984375 0.6376953125 0.591796875 0.603515625 0.6279296875 0.599609375 0.6572265625 0.6103515625 0.666015625
6 0.71875 0.6318359375 0.7578125 0.5849609375 0.7578125 0.5595703125 0.7490234375 0.548828125 0.7138671875 0.5546875 0.6875 0.5947265625 0.697265625 0.6220703125
2 0.849609375 0.5791015625 0.861328125 0.5732421875 0.865234375 0.5576171875 0.865234375 0.5244140625 0.8505859375 0.515625 0.830078125 0.5244140625 0.81640625 0.5615234375 0.8212890625 0.578125
9 0.560546875 0.6416015625 0.564453125 0.5791015625 0.5556640625 0.56640625 0.55078125 0.6279296875 0.552734375 0.6396484375
9 0.423828125 0.5810546875 0.423828125 0.5498046875 0.4169921875 0.548828125 0.412109375 0.5556640625 0.4140625 0.5712890625
11 0.42708333333333337 0.517361111111111 0.44140625 0.5205078125 0.44140625 0.5029296875 0.4345703125 0.490234375 0.4267578125 0.490234375
2 0.19140625 0.5283203125 0.189453125 0.4892578125 0.1826171875 0.482421875 0.1630859375 0.484375 0.154296875 0.4990234375 0.154296875 0.5166015625 0.1669921875 0.529296875
2 0.0859375 0.5439453125 0.103515625 0.5146484375 0.0947265625 0.4921875 0.0771484375 0.494140625 0.072265625 0.5068359375 0.07421875 0.5361328125 0.0791015625 0.544921875
9 0.1328125 0.9130859375 0.13671875 0.8759765625 0.1513671875 0.904296875 0.15625 0.8896484375 0.154296875 0.7900390625 0.1396484375 0.7578125 0.130859375 0.7822265625 0.12109375 0.7880859375 0.115234375 0.8017578125 0.11328125 0.8330078125 0.123046875 0.8935546875
9 0.046875 0.5693359375 0.048828125 0.5244140625 0.0419921875 0.51953125 0.0390625 0.5458984375
9 0.046875 0.5146484375 0.05078125 0.4755859375 0.0458984375 0.466796875
9 0.033203125 0.5126953125 0.03515625 0.4775390625 0.0302734375 0.46484375 0.025390625 0.4990234375
9 0.021484375 0.5048828125 0.0185546875 0.46484375 0.01171875 0.4892578125
9 0.80859375 0.9423828125 0.845703125 0.9111328125 0.845703125 0.8876953125 0.828125 0.8740234375 0.82421875 0.8544921875 0.8134765625 0.83984375 0.7724609375 0.818359375 0.7373046875 0.822265625 0.7158203125 0.83203125 0.7080078125 0.826171875 0.6904296875 0.826171875 0.67578125 0.8369140625 0.669921875 0.8642578125 0.67578125 0.8876953125 0.6884765625 0.8984375 0.7529296875 0.9375
9 0.06640625 0.4755859375 0.08203125 0.4697265625 0.0771484375 0.451171875 0.0625 0.4560546875 0.05859375 0.4736328125
9 0.115234375 0.4970703125 0.1171875 0.4560546875 0.1103515625 0.447265625 0.0966796875 0.4453125 0.091796875 0.4501953125 0.091796875 0.4892578125 0.1025390625 0.498046875
9 0.072265625 0.5087890625 0.07421875 0.4970703125 0.091796875 0.4892578125 0.0849609375 0.470703125 0.068359375 0.4755859375 0.06640625 0.5009765625
1 0.146484375 0.4853515625 0.154296875 0.4755859375 0.154296875 0.4287109375 0.1474609375 0.41796875 0.1357421875 0.4140625 0.1240234375 0.41796875 0.1171875 0.4287109375 0.12109375 0.4755859375 0.1279296875 0.486328125
4 0.609375 0.9638671875 0.623046875 0.9306640625 0.625 0.9033203125 0.640625 0.8505859375 0.6142578125 0.833984375 0.5966796875 0.833984375 0.572265625 0.8525390625 0.5732421875 0.869140625 0.5634765625 0.865234375 0.5498046875 0.87109375 0.515625 0.9111328125 0.509765625 0.9462890625 0.5146484375 0.962890625 0.5458984375 0.9609375 0.5615234375 0.921875 0.5634765625 0.9296875 0.5712890625 0.92578125 0.576171875 0.9326171875 0.5771484375 0.96484375
4 0.802734375 0.9990234375 0.806640625 0.9775390625 0.794921875 0.9677734375 0.802734375 0.9619140625 0.7958984375 0.955078125 0.7587890625 0.9453125 0.6787109375 0.89453125 0.6728515625 0.884765625 0.6572265625 0.8828125 0.650390625 0.8896484375 0.634765625 0.9482421875 0.6474609375 1
2 0.2109375 0.5087890625 0.228515625 0.4833984375 0.2197265625 0.466796875 0.2021484375 0.466796875 0.19140625 0.4853515625 0.1953125 0.5029296875
2 0.19140625 0.4853515625 0.201171875 0.4560546875 0.1943359375 0.44921875 0.1767578125 0.44921875 0.16796875 0.4619140625 0.16796875 0.4814453125
2 0.05859375 0.4716796875 0.0625 0.4560546875 0.07421875 0.4501953125 0.0673828125 0.43359375 0.05078125 0.4404296875 0.05078125 0.4638671875
2 0.048828125 0.4423828125 0.0537109375 0.4296875 0.06640625 0.4267578125 0.06640625 0.4013671875 0.0595703125 0.392578125 0.0478515625 0.392578125 0.03515625 0.4013671875 0.0390625 0.4326171875