2 0.353515625 0.8896484375 0.4111328125 0.8515625 0.453125 0.8388671875 0.46875 0.7900390625 0.46484375 0.7607421875 0.4482421875 0.744140625 0.4013671875 0.73046875 0.3857421875 0.734375 0.3564453125 0.751953125 0.33984375 0.7783203125 0.302734375 0.8076171875 0.296875 0.8232421875 0.30078125 0.8623046875 0.3154296875 0.87890625
6 0.3203125 0.7822265625 0.3369140625 0.7734375 0.375 0.7314453125 0.37109375 0.7041015625 0.34765625 0.6396484375 0.3212890625 0.595703125 0.2822265625 0.578125 0.2626953125 0.55859375 0.2470703125 0.552734375 0.2236328125 0.556640625 0.21484375 0.5654296875 0.2109375 0.6005859375 0.203125 0.6103515625 0.201171875 0.6572265625 0.20703125 0.6845703125 0.2333984375 0.7265625 0.2568359375 0.736328125 0.3134765625 0.783203125
2 0.119140625 0.6337890625 0.1279296875 0.625 0.1533203125 0.630859375 0.15625 0.6240234375 0.1484375 0.5439453125 0.1318359375 0.51171875 0.1005859375 0.517578125 0.091796875 0.5322265625 0.099609375 0.5986328125 0.111328125 0.6298828125
2 0.388671875 0.6689453125 0.3935546875 0.662109375 0.4228515625 0.658203125 0.435546875 0.6494140625 0.439453125 0.6162109375 0.4130859375 0.57421875 0.3779296875 0.5625 0.3623046875 0.56640625 0.3349609375 0.5859375 0.328125 0.6025390625 0.34375 0.6318359375 0.3681640625 0.6484375 0.3818359375 0.669921875
2 0.640625 0.6728515625 0.6513671875 0.66015625 0.677734375 0.6513671875 0.681640625 0.6318359375 0.693359375 0.6162109375 0.6865234375 0.6015625 0.6669921875 0.591796875 0.6357421875 0.591796875 0.599609375 0.6337890625 0.6044921875 0.6640625
2 0.6875 0.6767578125 0.70703125 0.6728515625 0.7353515625 0.607421875 0.744140625 0.6103515625 0.74609375 0.6279296875 0.732421875 0.6630859375 0.7490234375 0.662109375 0.767578125 0.6318359375 0.767578125 0.6005859375 0.7392578125 0.5859375 0.7138671875 0.587890625 0.681640625 0.6337890625 0.677734375 0.6689453125
2 0.779296875 0.9638671875 0.7919921875 0.94921875 0.833984375 0.9443359375 0.845703125 0.9189453125 0.84375 0.8818359375 0.828125 0.8701171875 0.8203125 0.8486328125 0.7841796875 0.822265625 0.7607421875 0.818359375 0.7216796875 0.828125 0.7119140625 0.822265625 0.6865234375 0.826171875 0.67578125 0.8369140625 0.669921875 0.8583984375 0.67578125 0.8935546875 0.6865234375 0.900390625 0.7021484375 0.8984375 0.7236328125 0.912109375 0.75390625 0.9345703125 0.7705078125 0.962890625
6 0.833984375 0.7724609375 0.880859375 0.7314453125 0.888671875 0.6943359375 0.888671875 0.6630859375 0.876953125 0.6259765625 0.8427734375 0.609375 0.7978515625 0.62109375 0.78125 0.6318359375 0.763671875 0.7353515625 0.763671875 0.7470703125 0.7783203125 0.759765625 0.8115234375 0.7734375
2 0.69921875 0.6064453125 0.7138671875 0.5859375 0.7373046875 0.576171875 0.7548828125 0.576171875 0.755859375 0.5537109375 0.7333984375 0.546875 0.7138671875 0.5546875 0.6875 0.5927734375 0.6875 0.6005859375
2 0.8046875 0.5966796875 0.80859375 0.5712890625 0.798828125 0.5478515625 0.7841796875 0.5390625 0.7587890625 0.541015625 0.7578125 0.5771484375 0.7841796875 0.576171875 0.791015625 0.5966796875
2 0.845703125 0.5810546875 0.861328125 0.5732421875 0.865234375 0.5595703125 0.865234375 0.5244140625 0.8525390625 0.515625 0.828125 0.5283203125 0.81640625 0.5595703125 0.81640625 0.5712890625 0.8232421875 0.578125
2 0.326171875 0.5927734375 0.353515625 0.5751953125 0.35546875 0.5576171875 0.341796875 0.5458984375 0.3359375 0.5185546875 0.3095703125 0.509765625 0.29296875 0.5185546875 0.29296875 0.5322265625 0.279296875 0.5498046875 0.279296875 0.5693359375 0.2880859375 0.578125
2 0.169921875 0.5908203125 0.185546875 0.5576171875 0.185546875 0.5419921875 0.1708984375 0.521484375 0.1494140625 0.521484375 0.14453125 0.5302734375 0.154296875 0.5869140625
2 0.083984375 0.5458984375 0.103515625 0.5146484375 0.1015625 0.5009765625 0.0927734375 0.4921875 0.0771484375 0.494140625 0.072265625 0.5087890625 0.072265625 0.5302734375
9 0.08203125 0.7958984375 0.0859375 0.7255859375 0.0693359375 0.693359375 0.068359375 0.7529296875 0.076171875 0.7958984375
9 0.05859375 0.7958984375 0.060546875 0.7119140625 0.0478515625 0.685546875 0.04296875 0.7392578125 0.05078125 0.7880859375
2 0.072265625 0.5107421875 0.076171875 0.4951171875 0.091796875 0.4912109375 0.0849609375 0.470703125 0.0712890625 0.47265625 0.06640625 0.4794921875 0.06640625 0.5068359375
2 0.2421875 0.5400390625 0.26171875 0.5048828125 0.2490234375 0.482421875 0.2294921875 0.48046875 0.212890625 0.5029296875 0.2109375 0.5166015625 0.2314453125 0.541015625