2 0.482421875 0.9443359375 0.5224609375 0.939453125 0.56640625 0.9091796875 0.568359375 0.8466796875 0.521484375 0.7978515625 0.515625 0.7763671875 0.4775390625 0.744140625 0.4013671875 0.7578125 0.3828125 0.7705078125 0.375 0.7900390625 0.380859375 0.8486328125 0.451171875 0.9013671875 0.455078125 0.9287109375 0.4638671875 0.943359375
2 0.416015625 0.9990234375 0.408203125 0.9501953125 0.359375 0.8544921875 0.3486328125 0.84375 0.3251953125 0.8359375 0.2744140625 0.849609375 0.26171875 0.8701171875 0.265625 0.9326171875 0.2822265625 0.96484375 0.314453125 0.9716796875 0.31640625 0.9814453125 0.2998046875 0.984375 0.298828125 0.9951171875 0.3056640625 1
2 0.259765625 0.8720703125 0.2666015625 0.84765625 0.3095703125 0.8359375 0.322265625 0.8251953125 0.322265625 0.8134765625 0.279296875 0.7216796875 0.2626953125 0.701171875 0.2509765625 0.701171875 0.224609375 0.7138671875 0.220703125 0.7880859375 0.248046875 0.8623046875
2 0.173828125 0.6787109375 0.177734375 0.6435546875 0.169921875 0.6083984375 0.158203125 0.5830078125 0.1435546875 0.578125 0.125 0.5908203125 0.115234375 0.6083984375 0.1171875 0.6474609375 0.1298828125 0.677734375 0.1630859375 0.673828125
2 0.5 0.7099609375 0.509765625 0.6748046875 0.52734375 0.6591796875 0.4990234375 0.6015625 0.4697265625 0.580078125 0.4443359375 0.580078125 0.43359375 0.5927734375 0.4296875 0.6669921875 0.4697265625 0.6953125 0.4794921875 0.708984375
2 0.599609375 0.7900390625 0.6240234375 0.78515625 0.634765625 0.7705078125 0.630859375 0.7353515625 0.607421875 0.6962890625 0.5732421875 0.662109375 0.5537109375 0.66015625 0.5166015625 0.669921875 0.505859375 0.7001953125 0.513671875 0.7373046875 0.5283203125 0.740234375 0.5517578125 0.7578125 0.5771484375 0.787109375
2 0.775390625 0.9248046875 0.7939453125 0.9140625 0.806640625 0.8935546875 0.8046875 0.8603515625 0.796875 0.8408203125 0.779296875 0.8193359375 0.76953125 0.7939453125 0.7412109375 0.767578125 0.7119140625 0.751953125 0.6806640625 0.751953125 0.662109375 0.7744140625 0.65234375 0.8017578125 0.65234375 0.8388671875 0.658203125 0.8564453125 0.6826171875 0.861328125 0.7236328125 0.89453125 0.7470703125 0.92578125
2 0.96875 0.9990234375 0.97265625 0.9794921875 0.966796875 0.9677734375 0.98046875 0.9423828125 0.982421875 0.9169921875 0.98046875 0.8896484375 0.9638671875 0.876953125 0.9208984375 0.85546875 0.9013671875 0.853515625 0.8642578125 0.875 0.8271484375 0.8828125 0.80859375 0.9013671875 0.802734375 0.9423828125 0.814453125 0.9755859375 0.8232421875 0.982421875 0.8408203125 0.978515625 0.8779296875 1
6 0.1640625 0.5537109375 0.1728515625 0.546875 0.19921875 0.5439453125 0.197265625 0.4775390625 0.193359375 0.4658203125 0.1787109375 0.453125 0.1552734375 0.45703125 0.146484375 0.4853515625 0.14453125 0.5302734375
2 0.263671875 0.5576171875 0.26953125 0.5517578125 0.267578125 0.5205078125 0.251953125 0.4833984375 0.2353515625 0.474609375 0.22265625 0.4970703125 0.21875 0.5400390625 0.2353515625 0.556640625
2 0.328125 0.5615234375 0.333984375 0.5556640625 0.333984375 0.5380859375 0.322265625 0.4990234375 0.3115234375 0.490234375 0.2822265625 0.484375 0.271484375 0.5126953125 0.27734375 0.5400390625 0.2978515625 0.5625
9 0.390625 0.5849609375 0.390625 0.5244140625 0.3837890625 0.515625 0.376953125 0.5810546875