13 0.474609375 0.4189453125 0.478515625 0.3232421875 0.4716796875 0.31640625 0.46875 0.3935546875
13 0.349609375 0.3955078125 0.3466796875 0.35546875 0.33984375 0.3603515625 0.33984375 0.3857421875 0.34375 0.3955078125
11 0.419921875 0.4013671875 0.421875 0.3857421875 0.4130859375 0.37890625 0.41015625 0.3974609375
2 0.697265625 0.5849609375 0.7666015625 0.57421875 0.771484375 0.5302734375 0.7587890625 0.513671875 0.7431640625 0.51171875 0.7138671875 0.4921875 0.6845703125 0.490234375 0.6650390625 0.5 0.654296875 0.5166015625 0.65234375 0.5712890625 0.6611328125 0.5859375
2 0.71484375 0.9990234375 0.724609375 0.9541015625 0.720703125 0.9033203125 0.66796875 0.8251953125 0.6240234375 0.78515625 0.6025390625 0.78515625 0.5625 0.8291015625 0.5625 0.8955078125 0.654296875 0.9794921875 0.6650390625 1
2 0.228515625 0.9521484375 0.26171875 0.9306640625 0.275390625 0.8896484375 0.26953125 0.8388671875 0.271484375 0.7431640625 0.259765625 0.7080078125 0.2490234375 0.703125 0.2197265625 0.70703125 0.2109375 0.7138671875 0.201171875 0.7880859375 0.193359375 0.7958984375 0.189453125 0.9365234375 0.2080078125 0.953125
2 0.0859375 0.5830078125 0.1044921875 0.57421875 0.115234375 0.5595703125 0.107421875 0.5087890625 0.0908203125 0.48828125 0.06640625 0.5009765625 0.06640625 0.5400390625 0.060546875 0.5439453125 0.06640625 0.5732421875 0.0751953125 0.583984375
2 0.064453125 0.5009765625 0.08984375 0.4853515625 0.083984375 0.4541015625 0.0693359375 0.435546875 0.048828125 0.4482421875 0.05078125 0.4892578125 0.0595703125 0.501953125
2 0.03125 0.4580078125 0.046875 0.4443359375 0.046875 0.4326171875 0.0390625 0.4150390625 0.0244140625 0.41015625 0.013671875 0.4189453125 0.01171875 0.4365234375 0.013671875 0.4482421875
9 0.583984375 0.4541015625 0.59375 0.4462890625 0.595703125 0.4130859375 0.5888671875 0.39453125 0.583984375 0.4013671875
9 0.515625 0.4306640625 0.52734375 0.4208984375 0.52734375 0.3935546875 0.525390625 0.3837890625 0.5126953125 0.375 0.509765625 0.4306640625
9 0.84765625 0.4833984375 0.849609375 0.4208984375 0.8447265625 0.419921875 0.833984375 0.4736328125
9 0.37890625 0.3798828125 0.388671875 0.3740234375 0.3818359375 0.328125 0.373046875 0.3447265625 0.376953125 0.3623046875 0.37109375 0.3779296875
9 0.017578125 0.5654296875 0.017578125 0.5244140625 0.0068359375 0.505859375 0.00390625 0.5322265625 0.01171875 0.5654296875
2 0.533203125 0.3564453125 0.5458984375 0.349609375 0.5546875 0.3349609375 0.552734375 0.3232421875 0.5400390625 0.314453125 0.5263671875 0.31640625 0.509765625 0.3408203125 0.5126953125 0.353515625
2 0.5703125 0.3876953125 0.583984375 0.3701171875 0.5859375 0.3447265625 0.5732421875 0.333984375 0.5634765625 0.333984375 0.55078125 0.3505859375 0.546875 0.3857421875
2 0.61328125 0.4013671875 0.619140625 0.3974609375 0.626953125 0.3603515625 0.6162109375 0.345703125 0.6044921875 0.345703125 0.59375 0.3603515625 0.587890625 0.3935546875 0.5966796875 0.40234375
2 0.65625 0.4111328125 0.666015625 0.3876953125 0.666015625 0.3642578125 0.6591796875 0.3515625 0.6435546875 0.349609375 0.630859375 0.3798828125 0.630859375 0.4072265625
2 0.697265625 0.4033203125 0.69921875 0.3564453125 0.6845703125 0.34765625 0.673828125 0.3623046875 0.671875 0.3974609375 0.6806640625 0.404296875
2 0.83203125 0.4091796875 0.83203125 0.3583984375 0.8232421875 0.349609375 0.8095703125 0.34765625 0.802734375 0.3603515625 0.806640625 0.3974609375 0.8154296875 0.408203125
2 0.8125 0.3427734375 0.81640625 0.3115234375 0.7978515625 0.302734375 0.79296875 0.3076171875 0.794921875 0.3349609375
2 0.890625 0.3505859375 0.890625 0.3271484375 0.8857421875 0.318359375 0.8759765625 0.31640625 0.869140625 0.3271484375 0.873046875 0.3447265625
2 0.59375 0.3544921875 0.60546875 0.3369140625 0.607421875 0.3134765625 0.6005859375 0.30078125 0.5888671875 0.30078125 0.58203125 0.3076171875 0.57421875 0.3330078125 0.583984375 0.3408203125 0.587890625 0.3544921875
2 0.62890625 0.3603515625 0.63671875 0.3310546875 0.6298828125 0.3203125 0.6181640625 0.318359375 0.609375 0.3251953125 0.603515625 0.3447265625 0.6181640625 0.34765625
2 0.66796875 0.3623046875 0.669921875 0.3193359375 0.6533203125 0.314453125 0.640625 0.3447265625 0.6591796875 0.3515625
2 0.705078125 0.3662109375 0.708984375 0.3251953125 0.6923828125 0.318359375 0.68359375 0.3330078125 0.68359375 0.3466796875 0.6943359375 0.349609375
2 0.640625 0.3408203125 0.6484375 0.3115234375 0.6318359375 0.30078125 0.623046875 0.3173828125
2 0.67578125 0.3447265625 0.6796875 0.3056640625 0.6650390625 0.29296875 0.65625 0.3134765625 0.66796875 0.3173828125 0.669921875 0.3427734375
2 0.61328125 0.2939453125 0.619140625 0.2763671875 0.615234375 0.2666015625 0.6064453125 0.263671875 0.595703125 0.2744140625 0.595703125 0.2939453125
2 0.65234375 0.3095703125 0.65625 0.2900390625 0.6455078125 0.275390625 0.634765625 0.2822265625 0.630859375 0.2998046875
2 0.68359375 0.3076171875 0.6875 0.2822265625 0.6845703125 0.275390625 0.6748046875 0.2734375 0.666015625 0.2900390625
2 0.716796875 0.3212890625 0.720703125 0.2958984375 0.7138671875 0.28125 0.701171875 0.2861328125 0.69921875 0.3037109375
2 0.822265625 0.2939453125 0.82421875 0.2763671875 0.8134765625 0.267578125 0.80859375 0.2900390625