1 0.884765625 0.9990234375 0.884765625 0.8486328125 0.84765625 0.6337890625 0.826171875 0.5498046875 0.81640625 0.4501953125 0.748046875 0.1689453125 0.720703125 0.1123046875 0.71875 0.0751953125 0.7109375 0.0576171875 0.6962890625 0.04296875 0.6806640625 0.037109375 0.6005859375 0.025390625 0.5185546875 0.029296875 0.501953125 0.0439453125 0.49609375 0.0673828125 0.5 0.0849609375 0.5126953125 0.087890625 0.521484375 0.1064453125 0.5146484375 0.125 0.4970703125 0.125 0.490234375 0.1318359375 0.4375 0.5634765625 0.40625 0.9951171875 0.4111328125 1
2 0.275390625 0.9169921875 0.2802734375 0.908203125 0.2919921875 0.90625 0.3447265625 0.90625 0.361328125 0.9150390625 0.408203125 0.6005859375 0.3984375 0.3955078125 0.375 0.3291015625 0.3623046875 0.3203125 0.3330078125 0.31640625 0.2802734375 0.3203125 0.267578125 0.3291015625 0.212890625 0.4755859375 0.18359375 0.6005859375 0.1708984375 0.583984375 0.1630859375 0.58203125 0.15625 0.5908203125 0.158203125 0.6064453125 0.177734375 0.6220703125 0.15234375 0.7880859375 0.158203125 0.8564453125 0.1806640625 0.875 0.2158203125 0.884765625 0.2314453125 0.912109375
2 0.08203125 0.5888671875 0.09765625 0.5556640625 0.09765625 0.5068359375 0.12890625 0.4326171875 0.15234375 0.4169921875 0.1640625 0.3759765625 0.158203125 0.3505859375 0.16015625 0.2705078125 0.154296875 0.2353515625 0.138671875 0.1884765625 0.1142578125 0.177734375 0.0751953125 0.1796875 0.0576171875 0.1875 0 0.2685546875 0 0.5849609375 0.0673828125 0.580078125
2 0.197265625 0.2939453125 0.212890625 0.2724609375 0.23046875 0.2255859375 0.232421875 0.1982421875 0.248046875 0.1826171875 0.25 0.1728515625 0.248046875 0.1142578125 0.236328125 0.0888671875 0.23828125 0.0732421875 0.228515625 0.0478515625 0.2158203125 0.0390625 0.1904296875 0.041015625 0.1533203125 0.0546875 0.130859375 0.0849609375 0.1171875 0.0927734375 0.10546875 0.1630859375 0.1083984375 0.173828125 0.1337890625 0.1796875 0.140625 0.1884765625 0.162109375 0.2783203125 0.1708984375 0.2890625
2 0.244140625 0.3740234375 0.265625 0.3251953125 0.2763671875 0.31640625 0.3330078125 0.3125 0.3701171875 0.318359375 0.375 0.3115234375 0.390625 0.2490234375 0.390625 0.1884765625 0.3828125 0.1337890625 0.3623046875 0.0859375 0.2958984375 0.0859375 0.2734375 0.1181640625 0.25 0.1904296875 0.234375 0.2021484375 0.24609375 0.2177734375 0.232421875 0.2998046875 0.236328125 0.3720703125
2 0.42578125 0.1533203125 0.435546875 0.1298828125 0.435546875 0.0947265625 0.44921875 0.0771484375 0.447265625 0.0009765625 0.3466796875 0 0.33203125 0.0595703125 0.333984375 0.0751953125 0.3798828125 0.08984375 0.3828125 0.1298828125 0.3935546875 0.138671875 0.4091796875 0.138671875 0.4208984375 0.154296875
2 0.263671875 0.1220703125 0.279296875 0.0810546875 0.302734375 0.0439453125 0.30078125 0.0009765625 0.1865234375 0 0.189453125 0.0380859375 0.2177734375 0.0390625 0.232421875 0.0498046875 0.25 0.0947265625 0.25 0.1162109375
2 0.275390625 0.9990234375 0.2734375 0.9716796875 0.26171875 0.9482421875 0.232421875 0.9208984375 0.2158203125 0.892578125 0.1376953125 0.876953125 0.0888671875 0.880859375 0.068359375 0.8916015625 0.025390625 0.9970703125
6 0.9375 0.9990234375 0.9453125 0.9931640625 0.9375 0.9892578125 0.9462890625 0.984375 0.9580078125 0.98828125 0.9775390625 0.98046875 1 0.9833984375 1 0.4912109375 0.9951171875 0.48828125 0.9423828125 0.486328125 0.9296875 0.4951171875 0.90625 0.5927734375 0.8984375 0.6474609375 0.8984375 0.7099609375 0.892578125 0.7158203125 0.896484375 0.7216796875 0.888671875 0.7294921875 0.8828125 0.7568359375 0.890625 0.9072265625 0.90234375 0.9775390625 0.9111328125 1
6 0.873046875 0.0810546875 0.890625 0.0751953125 0.8837890625 0.015625 0.8603515625 0.015625 0.8583984375 0.0234375 0.8525390625 0.015625 0.8486328125 0.0234375 0.8427734375 0.015625 0.8017578125 0.013671875 0.80078125 0.0048828125 0.7900390625 0 0.7841796875 0.0078125 0.7802734375 0 0.765625 0.0009765625 0.765625 0.0595703125 0.759765625 0.0654296875 0.7685546875 0.080078125 0.787109375 0.0732421875 0.783203125 0.0498046875 0.7939453125 0.044921875 0.7998046875 0.05859375 0.8583984375 0.064453125 0.875 0.0771484375 0.857421875 0.0771484375
6 0.8828125 0.6689453125 0.890625 0.6630859375 0.890625 0.6474609375 0.896484375 0.6435546875 0.912109375 0.5498046875 0.9296875 0.4892578125 0.9404296875 0.482421875 0.9873046875 0.486328125 0.994140625 0.4814453125 0.98046875 0.3486328125 0.962890625 0.2763671875 0.90625 0.1455078125 0.8916015625 0.125 0.845703125 0.1220703125 0.8505859375 0.115234375 0.8544921875 0.12109375 0.86328125 0.1162109375 0.8623046875 0.09375 0.8779296875 0.09375 0.8828125 0.0869140625 0.8447265625 0.08984375 0.8408203125 0.107421875 0.8359375 0.0888671875 0.84375 0.0849609375 0.845703125 0.0732421875 0.8388671875 0.06640625 0.8017578125 0.0703125 0.7978515625 0.064453125 0.798828125 0.0751953125 0.8095703125 0.076171875 0.814453125 0.0869140625 0.79296875 0.0927734375 0.8095703125 0.09375 0.8125 0.1044921875 0.8203125 0.1064453125 0.8125 0.1103515625 0.8115234375 0.123046875 0.7822265625 0.123046875 0.7783203125 0.1171875 0.7763671875 0.123046875 0.7578125 0.1279296875 0.755859375 0.1806640625 0.81640625 0.4189453125 0.826171875 0.5224609375 0.8515625 0.6259765625 0.853515625 0.6611328125