8 0.6015625 0.5810546875 0.607421875 0.5751953125 0.61328125 0.5302734375 0.6357421875 0.515625 0.64453125 0.5009765625 0.642578125 0.4716796875 0.634765625 0.4580078125 0.638671875 0.4384765625 0.6298828125 0.42578125 0.619140625 0.4326171875 0.62109375 0.4677734375 0.599609375 0.5283203125 0.595703125 0.5810546875
7 0.5859375 0.5693359375 0.59765625 0.5595703125 0.599609375 0.5244140625 0.611328125 0.4970703125 0.607421875 0.4697265625 0.615234375 0.4599609375 0.6142578125 0.44921875 0.6015625 0.4560546875 0.603515625 0.4677734375 0.578125 0.5029296875 0.564453125 0.5419921875 0.5703125 0.5673828125
7 0.650390625 0.5927734375 0.66015625 0.5791015625 0.666015625 0.5302734375 0.6572265625 0.517578125 0.6376953125 0.513671875 0.61328125 0.5322265625 0.607421875 0.5732421875 0.6259765625 0.578125 0.6376953125 0.59375
8 0.462890625 0.3896484375 0.46875 0.3759765625 0.47265625 0.2998046875 0.4619140625 0.267578125 0.44140625 0.3037109375 0.435546875 0.3662109375 0.4443359375 0.38671875
8 0.3984375 0.2548828125 0.404296875 0.1748046875 0.3974609375 0.15234375 0.38671875 0.1748046875 0.384765625 0.2275390625 0.388671875 0.2470703125
8 0.478515625 0.2197265625 0.484375 0.2119140625 0.4873046875 0.1484375 0.474609375 0.1533203125 0.47265625 0.1669921875 0.470703125 0.2021484375 0.47265625 0.2177734375
8 0.53515625 0.3974609375 0.544921875 0.3818359375 0.54296875 0.3447265625 0.5224609375 0.337890625 0.505859375 0.3583984375 0.50390625 0.3720703125 0.5107421875 0.3828125
8 0.23828125 0.9990234375 0.24609375 0.9775390625 0.23828125 0.9306640625 0.224609375 0.9052734375 0.220703125 0.8720703125 0.2001953125 0.865234375 0.1962890625 0.87109375 0.1708984375 0.873046875 0.15234375 0.8955078125 0.142578125 0.9423828125 0.126953125 0.9619140625 0.126953125 0.9833984375 0.115234375 0.9990234375
8 0.482421875 0.9951171875 0.4970703125 0.98828125 0.5087890625 0.990234375 0.5185546875 0.982421875 0.5556640625 0.986328125 0.572265625 0.9677734375 0.57421875 0.9326171875 0.568359375 0.9072265625 0.583984375 0.8818359375 0.58203125 0.8486328125 0.576171875 0.8330078125 0.55859375 0.8212890625 0.55078125 0.7919921875 0.5400390625 0.78515625 0.52734375 0.7919921875 0.5244140625 0.802734375 0.5126953125 0.796875 0.5 0.8056640625 0.498046875 0.8349609375 0.46875 0.8544921875 0.4453125 0.8935546875 0.439453125 0.9228515625 0.42578125 0.9365234375 0.427734375 0.9814453125 0.4384765625 0.990234375 0.4619140625 0.986328125
7 0.990234375 0.6337890625 1 0.6298828125 1 0.5517578125 0.9775390625 0.55078125 0.9677734375 0.560546875 0.9521484375 0.5625 0.9482421875 0.591796875 0.939453125 0.5615234375 0.951171875 0.5380859375 0.9453125 0.5205078125 0.9208984375 0.5234375 0.90234375 0.5634765625 0.904296875 0.5986328125 0.9345703125 0.603515625
8 0.951171875 0.5908203125 0.951171875 0.5634765625 0.9677734375 0.560546875 0.98046875 0.5439453125 0.98046875 0.4931640625 0.9677734375 0.44921875 0.94921875 0.4833984375 0.951171875 0.5419921875 0.939453125 0.5556640625 0.94140625 0.5791015625
8 0.7421875 0.5556640625 0.7763671875 0.52734375 0.7998046875 0.541015625 0.8125 0.5341796875 0.822265625 0.5146484375 0.8203125 0.4736328125 0.8115234375 0.462890625 0.796875 0.4599609375 0.794921875 0.4013671875 0.7841796875 0.3984375 0.783203125 0.4111328125 0.7783203125 0.412109375 0.7451171875 0.38671875 0.7314453125 0.384765625 0.7197265625 0.400390625 0.708984375 0.4013671875 0.7060546875 0.412109375 0.689453125 0.4169921875 0.69140625 0.4443359375 0.671875 0.4775390625 0.662109375 0.5205078125 0.6728515625 0.5390625 0.7138671875 0.541015625 0.7314453125 0.556640625
8 0.59765625 0.4345703125 0.60546875 0.4228515625 0.60546875 0.3916015625 0.595703125 0.3623046875 0.5888671875 0.359375 0.58203125 0.3642578125 0.580078125 0.3798828125 0.58984375 0.4326171875
8 0.58984375 0.4814453125 0.607421875 0.4384765625 0.6025390625 0.427734375 0.5966796875 0.43359375 0.591796875 0.4306640625 0.58984375 0.3955078125 0.5791015625 0.375 0.564453125 0.3974609375 0.544921875 0.4580078125 0.5517578125 0.474609375 0.5673828125 0.47265625
8 0.61328125 0.4130859375 0.62109375 0.3896484375 0.6298828125 0.380859375 0.6474609375 0.380859375 0.654296875 0.3681640625 0.658203125 0.3291015625 0.65234375 0.3232421875 0.6455078125 0.275390625 0.6259765625 0.291015625 0.6103515625 0.28125 0.60546875 0.3017578125 0.5859375 0.3212890625 0.580078125 0.3623046875 0.595703125 0.3642578125
8 0.583984375 0.2509765625 0.591796875 0.1767578125 0.5859375 0.1533203125 0.5810546875 0.15234375 0.5703125 0.1767578125 0.5703125 0.2197265625 0.57421875 0.2470703125
8 0.515625 0.2060546875 0.5244140625 0.205078125 0.529296875 0.1943359375 0.5224609375 0.16015625 0.509765625 0.1806640625 0.509765625 0.2060546875
8 0.521484375 0.2802734375 0.541015625 0.2646484375 0.544921875 0.2392578125 0.5380859375 0.212890625 0.51953125 0.2392578125
8 0.9375 0.4619140625 0.94921875 0.4443359375 0.94921875 0.4033203125 0.9423828125 0.375 0.93359375 0.3759765625 0.921875 0.4072265625 0.921875 0.4404296875 0.927734375 0.4599609375
8 0.91796875 0.5029296875 0.9453125 0.4853515625 0.953125 0.4658203125 0.9423828125 0.375 0.9296875 0.3798828125 0.927734375 0.3994140625 0.9150390625 0.40234375 0.89453125 0.4306640625 0.892578125 0.4501953125 0.90234375 0.4638671875 0.904296875 0.4853515625