2 0.294921875 0.9990234375 0.3046875 0.8935546875 0.31640625 0.8583984375 0.3125 0.7978515625 0.318359375 0.7294921875 0.310546875 0.6416015625 0.302734375 0.6162109375 0.2646484375 0.55078125 0.2138671875 0.548828125 0.1767578125 0.556640625 0.1669921875 0.560546875 0.146484375 0.5869140625 0.126953125 0.6533203125 0.115234375 0.6728515625 0.103515625 0.7275390625 0.0859375 0.7666015625 0.072265625 0.8583984375 0.0615234375 0.857421875 0.04296875 0.8740234375 0.04296875 0.8916015625 0.064453125 0.9208984375 0.0546875 0.9990234375
2 0.494140625 0.9443359375 0.5400390625 0.935546875 0.5458984375 0.92578125 0.5615234375 0.919921875 0.6005859375 0.9140625 0.607421875 0.8994140625 0.603515625 0.8642578125 0.5908203125 0.8515625 0.568359375 0.8486328125 0.5703125 0.8154296875 0.5908203125 0.818359375 0.6015625 0.8056640625 0.591796875 0.6591796875 0.611328125 0.6337890625 0.6025390625 0.62109375 0.5908203125 0.623046875 0.5859375 0.6162109375 0.560546875 0.4423828125 0.546875 0.3974609375 0.5302734375 0.375 0.4560546875 0.384765625 0.435546875 0.4033203125 0.416015625 0.4892578125 0.408203125 0.6474609375 0.4052734375 0.65625 0.3916015625 0.65234375 0.38671875 0.6630859375 0.388671875 0.6845703125 0.408203125 0.6865234375 0.40625 0.8544921875 0.4140625 0.9326171875 0.4228515625 0.9453125 0.4345703125 0.9453125 0.4462890625 0.935546875 0.4794921875 0.935546875 0.4833984375 0.943359375
2 0.9609375 0.9990234375 0.978515625 0.9658203125 0.982421875 0.9365234375 0.97265625 0.8525390625 0.9873046875 0.84375 1 0.8447265625 1 0.8154296875 0.9658203125 0.8125 0.9609375 0.7939453125 0.955078125 0.7919921875 0.962890625 0.7861328125 0.955078125 0.7822265625 0.962890625 0.7646484375 0.953125 0.7548828125 0.9140625 0.6044921875 0.859375 0.4716796875 0.8408203125 0.453125 0.7978515625 0.453125 0.7685546875 0.4609375 0.7421875 0.4716796875 0.728515625 0.5068359375 0.720703125 0.5400390625 0.72265625 0.6025390625 0.716796875 0.6513671875 0.724609375 0.7568359375 0.71875 0.7646484375 0.7646484375 0.765625 0.7734375 0.7724609375 0.7734375 0.7802734375 0.763671875 0.7841796875 0.7646484375 0.794921875 0.73828125 0.7978515625 0.7431640625 0.810546875 0.7666015625 0.80859375 0.76953125 0.8232421875 0.767578125 0.8505859375 0.744140625 0.8564453125 0.7578125 0.9072265625 0.7578125 0.9228515625 0.75 0.9306640625 0.755859375 0.9384765625 0.75390625 0.9931640625 0.7587890625 1
2 0.25 0.4111328125 0.2978515625 0.3984375 0.3466796875 0.400390625 0.3515625 0.3955078125 0.353515625 0.3134765625 0.365234375 0.2939453125 0.369140625 0.2138671875 0.36328125 0.2080078125 0.3515625 0.1259765625 0.3466796875 0.1171875 0.33984375 0.1201171875 0.3388671875 0.107421875 0.3349609375 0.125 0.259765625 0.1279296875 0.244140625 0.1767578125 0.23828125 0.2236328125 0.2333984375 0.234375 0.224609375 0.2353515625 0.224609375 0.2470703125 0.234375 0.2529296875 0.2265625 0.3056640625 0.232421875 0.3896484375 0.236328125 0.4091796875
2 0.412109375 0.4833984375 0.431640625 0.4013671875 0.4482421875 0.384765625 0.5126953125 0.37109375 0.5361328125 0.373046875 0.5478515625 0.3828125 0.55078125 0.3759765625 0.541015625 0.3115234375 0.5546875 0.2861328125 0.5390625 0.2763671875 0.515625 0.1708984375 0.4970703125 0.150390625 0.4306640625 0.154296875 0.416015625 0.1650390625 0.404296875 0.2998046875 0.390625 0.3076171875 0.392578125 0.3212890625 0.404296875 0.3291015625 0.400390625 0.4365234375 0.404296875 0.4697265625
2 0.671875 0.5537109375 0.712890625 0.5439453125 0.728515625 0.4873046875 0.7451171875 0.46484375 0.8046875 0.4482421875 0.794921875 0.3427734375 0.779296875 0.2529296875 0.763671875 0.2158203125 0.7548828125 0.20703125 0.740234375 0.2041015625 0.736328125 0.1552734375 0.7236328125 0.134765625 0.7080078125 0.130859375 0.6767578125 0.1328125 0.6611328125 0.142578125 0.646484375 0.1572265625 0.640625 0.1728515625 0.638671875 0.2119140625 0.6328125 0.2119140625 0.6337890625 0.205078125 0.625 0.2080078125 0.623046875 0.2841796875 0.634765625 0.3525390625 0.634765625 0.3994140625 0.6484375 0.4482421875 0.654296875 0.5419921875 0.6611328125 0.5546875
2 0.5390625 0.2314453125 0.546875 0.2138671875 0.541015625 0.0908203125 0.515625 0.0029296875 0.4365234375 0 0.43359375 0.1455078125 0.4404296875 0.15234375 0.5068359375 0.15234375
2 0.373046875 0.1220703125 0.37890625 0.1162109375 0.376953125 0.0009765625 0.2939453125 0 0.287109375 0.0830078125 0.2919921875 0.087890625 0.3408203125 0.083984375 0.3515625 0.1201171875
2 0.609375 0.2724609375 0.6171875 0.2666015625 0.62109375 0.2099609375 0.64453125 0.1533203125 0.6787109375 0.126953125 0.7041015625 0.12890625 0.708984375 0.1240234375 0.697265625 0.0458984375 0.6767578125 0 0.591796875 0.0009765625 0.58984375 0.1455078125
8 0.943359375 0.6279296875 0.955078125 0.6025390625 0.951171875 0.5341796875 0.958984375 0.5029296875 0.947265625 0.4599609375 0.951171875 0.4228515625 0.943359375 0.4130859375 0.923828125 0.3251953125 0.9150390625 0.318359375 0.908203125 0.3232421875 0.9033203125 0.34375 0.8984375 0.3369140625 0.8974609375 0.349609375 0.8837890625 0.34375 0.8740234375 0.330078125 0.86328125 0.3369140625 0.86328125 0.3544921875 0.875 0.3603515625 0.865234375 0.3837890625 0.8671875 0.3935546875 0.880859375 0.3955078125 0.875 0.3994140625 0.880859375 0.4033203125 0.880859375 0.4150390625 0.873046875 0.4208984375 0.87109375 0.4814453125 0.90625 0.5810546875 0.93359375 0.6279296875
8 0.75 0.0771484375 0.7529296875 0.064453125 0.76953125 0.0751953125 0.76953125 0.0419921875 0.7626953125 0.03515625 0.751953125 0.0400390625 0.748046875 0.0107421875 0.7333984375 0 0.6884765625 0 0.689453125 0.0224609375 0.705078125 0.0478515625 0.705078125 0.0751953125
8 0.81640625 0.4404296875 0.82421875 0.4033203125 0.83984375 0.3935546875 0.837890625 0.3369140625 0.8505859375 0.322265625 0.884765625 0.3173828125 0.884765625 0.2802734375 0.873046875 0.2626953125 0.87109375 0.2294921875 0.8564453125 0.212890625 0.8505859375 0.22265625 0.84765625 0.2197265625 0.84375 0.1962890625 0.83203125 0.1845703125 0.8203125 0.1435546875 0.802734375 0.1298828125 0.798828125 0.1103515625 0.8046875 0.0986328125 0.7685546875 0.0859375 0.7353515625 0.087890625 0.7265625 0.0908203125 0.734375 0.1025390625 0.73046875 0.1162109375 0.736328125 0.1181640625 0.73046875 0.1259765625 0.734375 0.1298828125 0.7265625 0.1357421875 0.734375 0.1455078125 0.73046875 0.1630859375 0.72265625 0.1669921875 0.728515625 0.1708984375 0.7197265625 0.171875 0.7099609375 0.15625 0.6533203125 0.154296875 0.642578125 0.1650390625 0.623046875 0.2236328125 0.6357421875 0.232421875 0.6435546875 0.224609375 0.6455078125 0.228515625 0.6572265625 0.203125 0.6630859375 0.208984375 0.6728515625 0.203125 0.7373046875 0.201171875 0.7529296875 0.205078125 0.763671875 0.2158203125 0.779296875 0.2490234375 0.791015625 0.3466796875 0.796875 0.3740234375 0.802734375 0.3779296875 0.8046875 0.4287109375