2 0.27734375 0.8408203125 0.302734375 0.8349609375 0.2939453125 0.783203125 0.2763671875 0.78515625 0.26953125 0.7919921875 0.271484375 0.8369140625
2 0.27734375 0.7802734375 0.294921875 0.7763671875 0.294921875 0.7470703125 0.2861328125 0.7265625 0.2744140625 0.728515625 0.267578125 0.7373046875 0.267578125 0.7724609375
2 0.26953125 0.7294921875 0.291015625 0.7255859375 0.291015625 0.7021484375 0.2822265625 0.68359375 0.2705078125 0.685546875 0.263671875 0.6962890625 0.263671875 0.7275390625
2 0.29296875 0.6865234375 0.29296875 0.6513671875 0.2763671875 0.646484375 0.271484375 0.6533203125 0.271484375 0.6826171875
2 0.296875 0.6474609375 0.298828125 0.6162109375 0.2841796875 0.609375 0.275390625 0.6240234375 0.275390625 0.6435546875
2 0.09375 0.7119140625 0.1171875 0.7041015625 0.12109375 0.6689453125 0.1123046875 0.658203125 0.0986328125 0.66015625 0.08984375 0.6708984375 0.083984375 0.6982421875 0.0859375 0.7099609375
2 0.15625 0.5966796875 0.1650390625 0.595703125 0.177734375 0.5791015625 0.1728515625 0.546875 0.15234375 0.5576171875 0.1484375 0.5927734375
2 0.203125 0.5419921875 0.21875 0.5263671875 0.2119140625 0.50390625 0.1982421875 0.50390625 0.1875 0.5244140625 0.1875 0.5400390625
2 0.15234375 0.5107421875 0.171875 0.5009765625 0.1669921875 0.482421875 0.1513671875 0.482421875 0.13671875 0.4951171875 0.13671875 0.5087890625
2 0.111328125 0.5048828125 0.119140625 0.5009765625 0.119140625 0.4755859375 0.1142578125 0.462890625 0.1044921875 0.462890625 0.099609375 0.5009765625
2 0.330078125 0.9794921875 0.333984375 0.9580078125 0.326171875 0.9013671875 0.3212890625 0.89453125 0.2978515625 0.896484375 0.287109375 0.9072265625 0.294921875 0.9736328125 0.2998046875 0.98046875
2 0.400390625 0.7392578125 0.40234375 0.6982421875 0.3955078125 0.689453125 0.3818359375 0.689453125 0.37109375 0.7001953125 0.37109375 0.7236328125 0.3798828125 0.740234375
2 0.27734375 0.6181640625 0.294921875 0.6083984375 0.296875 0.5888671875 0.2900390625 0.578125 0.2734375 0.5830078125
2 0.302734375 0.5888671875 0.3046875 0.5615234375 0.2919921875 0.5546875 0.28515625 0.5751953125
2 0.24609375 0.5537109375 0.263671875 0.5458984375 0.265625 0.5283203125 0.2587890625 0.515625 0.2490234375 0.515625 0.2421875 0.5244140625 0.240234375 0.5478515625
2 0.26953125 0.5126953125 0.27734375 0.5087890625 0.279296875 0.4970703125 0.2744140625 0.48046875 0.2646484375 0.48046875 0.255859375 0.4951171875 0.2578125 0.5126953125
2 0.306640625 0.5576171875 0.30859375 0.5380859375 0.3037109375 0.529296875 0.2939453125 0.529296875 0.287109375 0.5537109375
2 0.361328125 0.5419921875 0.365234375 0.5166015625 0.3505859375 0.51171875 0.34765625 0.5400390625
1 0.357421875 0.4833984375 0.365234375 0.4599609375 0.3603515625 0.44140625 0.345703125 0.4482421875 0.34765625 0.4833984375
4 0.25390625 0.4873046875 0.267578125 0.4677734375 0.2626953125 0.435546875 0.2490234375 0.4375 0.240234375 0.4580078125 0.240234375 0.4814453125 0.2451171875 0.48828125
2 0.28515625 0.4599609375 0.291015625 0.4560546875 0.291015625 0.4384765625 0.2802734375 0.435546875 0.2734375 0.4580078125
2 0.294921875 0.4365234375 0.30078125 0.4326171875 0.2998046875 0.419921875 0.28515625 0.4228515625 0.28515625 0.4345703125
2 0.30859375 0.4169921875 0.310546875 0.4013671875 0.3017578125 0.3984375 0.298828125 0.4150390625
2 0.3203125 0.5185546875 0.322265625 0.4990234375 0.3076171875 0.4921875 0.302734375 0.5087890625
2 0.333984375 0.4697265625 0.3359375 0.4443359375 0.3251953125 0.443359375 0.318359375 0.4658203125
2 0.373046875 0.5107421875 0.373046875 0.4912109375 0.3623046875 0.48828125 0.36328125 0.5107421875
2 0.3125 0.5380859375 0.31640625 0.5205078125 0.3076171875 0.509765625 0.2998046875 0.509765625 0.29296875 0.5283203125
2 0.32421875 0.4990234375 0.326171875 0.4755859375 0.3134765625 0.46875 0.3046875 0.4873046875
10 0.564453125 0.7998046875 0.5703125 0.7880859375 0.5703125 0.7587890625 0.5615234375 0.75 0.5546875 0.7568359375 0.552734375 0.7744140625 0.556640625 0.7978515625